name;latitude;longitude;date;obsvalue;validity;codevalidation;obs_withbackground;x_simu;y_simu;sea_coverage;terrain_std;altitude;nature;obstacle;position;metropole;Observed gamma dose rate (nSv/h);Potential maximum gamma dose rate (nSv/h);Simulated gamma dose rate (nSv/h);Min simulated 3x3 cells around (nSv/h);Max simulated 3x3 cells around (nSv/h);date_sim;ddd_sim_3x3;Date (j/m/a hh:mm);Precipitations (mm/h);Pressure (Pa);Temperature (K);Kz (m2/s);Meridional wind (m/s);Zonal wind (m/s);Cloud Base (m);Cloud Top (m)
BRIANCON_05_AGG_CP;44.89836120605469;6.640040874481201;2025-06-01 00:00:00;2.8000005086263116;True;' ' ' ' ' ' ' ' ' ' ' ';92.45333353678386;176;99;0.0;361.04978642263;1264;asphalte;True;Mur;True;2.8000005086263116;;0.8275312076214125;;;2025-06-01 00:00:00;;2025-06-01 00:00:00;0.0;83067.5859375;284.5278625488281;0.6549254655838013;0.6125677824020386;0.2817895710468292;500.0;5000.0
BRIANCON_05_AGG_CP;44.89836120605469;6.640040874481201;2025-06-01 01:00:00;1.703333536783859;True;' ' ' ' ' ' ' ' ' ' ' ';91.3566665649414;176;99;0.0;361.04978642263;1264;asphalte;True;Mur;True;1.703333536783859;;0.894251177014499;;;2025-06-01 01:00:00;;2025-06-01 01:00:00;0.0;83030.375;283.005615234375;0.6542885303497314;0.323731929063797;0.15439580380916595;500.0;5000.0
BRIANCON_05_AGG_CP;44.89836120605469;6.640040874481201;2025-06-01 02:00:00;2.3999989827474053;True;' ' ' ' ' ' ' ' ' ' ' ';92.05333201090495;176;99;0.0;361.04978642263;1264;asphalte;True;Mur;True;2.3999989827474053;;0.9800232890835869;;;2025-06-01 02:00:00;;2025-06-01 02:00:00;0.0;83023.9375;282.4446105957031;0.6485491394996643;0.07795630395412445;-0.11891204118728638;500.0;5000.0
BRIANCON_05_AGG_CP;44.89836120605469;6.640040874481201;2025-06-01 03:00:00;2.3633333841959683;True;' ' ' ' ' ' ' ' ' ' ' ';92.01666641235352;176;99;0.0;361.04978642263;1264;asphalte;True;Mur;True;2.3633333841959683;;1.0781830506526036;;;2025-06-01 03:00:00;;2025-06-01 03:00:00;0.0;83022.53125;282.06048583984375;0.7180786728858948;0.1853421926498413;-0.18455761671066284;500.0;5000.0
BRIANCON_05_AGG_CP;44.89836120605469;6.640040874481201;2025-06-01 04:00:00;4.001667022705078;True;' ' ' ' ' ' ' ' ' ' ' ';93.65500005086263;176;99;0.0;361.04978642263;1264;asphalte;True;Mur;True;4.001667022705078;;1.1571645009388065;;;2025-06-01 04:00:00;;2025-06-01 04:00:00;0.0;83020.375;281.7734680175781;0.683131754398346;0.20471689105033875;0.06479167938232422;500.0;5000.0
BRIANCON_05_AGG_CP;44.89836120605469;6.640040874481201;2025-06-01 05:00:00;3.00833384195964;True;' ' ' ' ' ' ' ' ' ' ' ';92.66166687011719;176;99;0.0;361.04978642263;1264;asphalte;True;Mur;True;3.00833384195964;;1.2175804310100846;;;2025-06-01 05:00:00;;2025-06-01 05:00:00;0.0;83023.015625;281.71685791015625;0.49056386947631836;0.10470574349164963;0.14226913452148438;500.0;5000.0
BRIANCON_05_AGG_CP;44.89836120605469;6.640040874481201;2025-06-01 06:00:00;4.310000101725265;True;' ' ' ' ' ' ' ' ' ' ' ';93.96333312988281;176;99;0.0;361.04978642263;1264;asphalte;True;Mur;True;4.310000101725265;;1.269333173726378;;;2025-06-01 06:00:00;;2025-06-01 06:00:00;0.0;82984.875;282.2431335449219;0.4349784553050995;-0.02706819213926792;0.10631810873746872;500.0;5000.0
BRIANCON_05_AGG_CP;44.89836120605469;6.640040874481201;2025-06-01 07:00:00;4.371667226155608;True;' ' ' ' ' ' ' ' ' ' ' ';94.02500025431316;176;99;0.0;361.04978642263;1264;asphalte;True;Mur;True;4.371667226155608;;1.2255154898700715;;;2025-06-01 07:00:00;;2025-06-01 07:00:00;0.0;82906.3828125;284.1869201660156;0.5278571248054504;0.43956243991851807;-0.2882440984249115;500.0;5000.0
BRIANCON_05_AGG_CP;44.89836120605469;6.640040874481201;2025-06-01 08:00:00;3.7216669718424527;True;' ' ' ' ' ' ' ' ' ' ' ';93.375;176;99;0.0;361.04978642263;1264;asphalte;True;Mur;True;3.7216669718424527;;0.9818839101158328;;;2025-06-01 08:00:00;;2025-06-01 08:00:00;0.0;82836.2890625;286.2707214355469;7.221861362457275;0.6464135050773621;0.12481814622879028;500.0;5000.0
BRIANCON_05_AGG_CP;44.89836120605469;6.640040874481201;2025-06-01 09:00:00;2.8499997456868584;True;' ' ' ' ' ' ' ' ' ' ' ';92.5033327738444;176;99;0.0;361.04978642263;1264;asphalte;True;Mur;True;2.8499997456868584;;0.7727696900352438;;;2025-06-01 09:00:00;;2025-06-01 09:00:00;0.0;82798.0078125;288.0912170410156;23.47972297668457;0.7944547533988953;0.04800605773925781;500.0;5000.0
BRIANCON_05_AGG_CP;44.89836120605469;6.640040874481201;2025-06-01 10:00:00;3.129999796549484;True;' ' ' ' ' ' ' ' ' ' ' ';92.78333282470703;176;99;0.0;361.04978642263;1264;asphalte;True;Mur;True;3.129999796549484;;0.6008893090134887;;;2025-06-01 10:00:00;;2025-06-01 10:00:00;0.0;82778.078125;289.5676574707031;50.248870849609375;1.0124294757843018;0.09226096421480179;500.0;5000.0
BRIANCON_05_AGG_CP;44.89836120605469;6.640040874481201;2025-06-01 11:00:00;2.303333282470703;True;' ' ' ' ' ' ' ' ' ' ' ';91.95666631062825;176;99;0.0;361.04978642263;1264;asphalte;True;Mur;True;2.303333282470703;;0.4508669804691168;;;2025-06-01 11:00:00;;2025-06-01 11:00:00;0.0;82745.78125;290.8160095214844;75.20199584960938;1.2658610343933105;0.3509865999221802;500.0;5000.0
BRIANCON_05_AGG_CP;44.89836120605469;6.640040874481201;2025-06-01 12:00:00;1.7050018310546875;True;' ' ' ' ' ' ' ' ' ' ' ';91.35833485921223;176;99;0.0;361.04978642263;1264;asphalte;True;Mur;True;1.7050018310546875;;0.3541032213543599;;;2025-06-01 12:00:00;;2025-06-01 12:00:00;0.0;82704.1328125;291.8919677734375;79.27030181884766;1.123694658279419;0.9822542667388916;500.0;5000.0
BRIANCON_05_AGG_CP;44.89836120605469;6.640040874481201;2025-06-01 13:00:00;1.1416676839192803;True;' ' ' ' ' ' ' ' ' ' ' ';90.79500071207683;176;99;0.0;361.04978642263;1264;asphalte;True;Mur;True;1.1416676839192803;;0.2869897190987264;;;2025-06-01 13:00:00;;2025-06-01 13:00:00;0.0;82697.15625;292.4478759765625;85.71296691894531;0.6906166672706604;1.6049808263778687;500.0;5000.0
BRIANCON_05_AGG_CP;44.89836120605469;6.640040874481201;2025-06-01 14:00:00;1.6416676839192803;True;' ' ' ' ' ' ' ' ' ' ' ';91.29500071207683;176;99;0.0;361.04978642263;1264;asphalte;True;Mur;True;1.6416676839192803;;0.23496902665752495;;;2025-06-01 14:00:00;;2025-06-01 14:00:00;0.0;82711.4609375;291.9440612792969;81.05123138427734;0.3894902765750885;1.5109200477600098;500.0;5000.0
BRIANCON_05_AGG_CP;44.89836120605469;6.640040874481201;2025-06-01 15:00:00;1.1833343505859375;True;' ' ' ' ' ' ' ' ' ' ' ';90.83666737874348;176;99;0.0;361.04978642263;1264;asphalte;True;Mur;True;1.1833343505859375;;0.24219937578943973;;;2025-06-01 15:00:00;;2025-06-01 15:00:00;0.006158404052257538;82717.09375;291.8480529785156;82.85123443603516;0.6578564643859863;1.5235445499420166;500.0;5000.0
BRIANCON_05_AGG_CP;44.89836120605469;6.640040874481201;2025-06-01 16:00:00;3.6566683451334683;True;' ' ' ' ' ' ' ' ' ' ' ';92.51000086466472;176;99;0.0;361.04978642263;1264;asphalte;True;Mur;True;3.6566683451334683;;2.6248636077197407;;;2025-06-01 16:00:00;;2025-06-01 16:00:00;0.439017117023468;82731.0859375;291.5650329589844;73.79146575927734;0.9676990509033203;1.210542917251587;500.0;5000.0
BRIANCON_05_AGG_CP;44.89836120605469;6.640040874481201;2025-06-01 17:00:00;5.66000111897786;True;' ' ' ' ' ' ' ' ' ' ' ';94.51333363850911;176;99;0.0;361.04978642263;1264;asphalte;True;Mur;True;5.66000111897786;;2.785669156284143;;;2025-06-01 17:00:00;;2025-06-01 17:00:00;0.0;82728.390625;291.1123962402344;61.95510482788086;1.4468841552734375;1.1054821014404297;2000.0;7353.8516
BRIANCON_05_AGG_CP;44.89836120605469;6.640040874481201;2025-06-01 18:00:00;4.5366668701171875;True;' ' ' ' ' ' ' ' ' ' ' ';93.09999974568684;176;99;0.0;361.04978642263;1264;asphalte;True;Mur;True;4.5366668701171875;;1.0117535715475912;;;2025-06-01 18:00:00;;2025-06-01 18:00:00;0.0;82755.7109375;290.4732360839844;44.001895904541016;1.7041288614273071;0.8424879908561707;1750.0;3654.812
BRIANCON_05_AGG_CP;44.89836120605469;6.640040874481201;2025-06-01 19:00:00;3.1833343505859375;True;' ' ' ' ' ' ' ' ' ' ' ';91.7466672261556;176;99;0.0;361.04978642263;1264;asphalte;True;Mur;True;3.1833343505859375;;0.45749146658502493;;;2025-06-01 19:00:00;;2025-06-01 19:00:00;0.0;82769.59375;288.7908935546875;0.6342925429344177;1.7569942474365234;0.09847483038902283;500.0;5000.0
BRIANCON_05_AGG_CP;44.89836120605469;6.640040874481201;2025-06-01 20:00:00;3.261666615804046;True;' ' ' ' ' ' ' ' ' ' ' ';91.8249994913737;176;99;0.0;361.04978642263;1264;asphalte;True;Mur;True;3.261666615804046;;0.5539061397052958;;;2025-06-01 20:00:00;;2025-06-01 20:00:00;0.0;82843.1796875;287.7904968261719;1.0820493698120117;2.042222738265991;0.1884874701499939;500.0;5000.0
BRIANCON_05_AGG_CP;44.89836120605469;6.640040874481201;2025-06-01 21:00:00;3.408334096272796;True;' ' ' ' ' ' ' ' ' ' ' ';91.97166697184245;176;99;0.0;361.04978642263;1264;asphalte;True;Mur;True;3.408334096272796;;0.49284380287777096;;;2025-06-01 21:00:00;;2025-06-01 21:00:00;0.0;82892.125;287.918212890625;1.164940357208252;1.9920539855957031;0.5170755386352539;500.0;5000.0
BRIANCON_05_AGG_CP;44.89836120605469;6.640040874481201;2025-06-01 22:00:00;1.7783317565917969;True;' ' ' ' ' ' ' ' ' ' ' ';90.34166463216145;176;99;0.0;361.04978642263;1264;asphalte;True;Mur;True;1.7783317565917969;;0.4670096340891883;;;2025-06-01 22:00:00;;2025-06-01 22:00:00;0.0;82924.171875;287.3389892578125;1.3335318565368652;1.8867441415786743;0.36345383524894714;500.0;5000.0
BRIANCON_05_AGG_CP;44.89836120605469;6.640040874481201;2025-06-01 23:00:00;1.0900001525878906;True;' ' ' ' ' ' ' ' ' ' ' ';89.65333302815755;176;99;0.0;361.04978642263;1264;asphalte;True;Mur;True;1.0900001525878906;;0.4739533472717522;;;2025-06-01 23:00:00;;2025-06-01 23:00:00;0.0;82928.65625;286.2212829589844;1.1913549900054932;1.5468392372131348;0.23151402175426483;500.0;5000.0
BRIANCON_05_AGG_CP;44.89836120605469;6.640040874481201;2025-06-02 00:00:00;2.433335622151702;True;' ' ' ' ' ' ' ' ' ' ' ';90.99666849772136;176;99;0.0;361.04978642263;1264;asphalte;True;Mur;True;2.433335622151702;;1.0226774505364689;;;2025-06-02 00:00:00;;2025-06-02 00:00:00;0.0;82904.65625;285.6218566894531;1.0380605459213257;1.4138545989990234;0.46405261754989624;500.0;5000.0
BRIANCON_05_AGG_CP;44.89836120605469;6.640040874481201;2025-06-02 01:00:00;4.650001525878906;True;' ' ' ' ' ' ' ' ' ' ' ';92.42666753133138;176;99;0.0;361.04978642263;1264;asphalte;True;Mur;True;4.650001525878906;;0.763588411251126;;;2025-06-02 01:00:00;;2025-06-02 01:00:00;0.0;82859.0;285.22491455078125;0.841423511505127;1.3205347061157227;0.6053512692451477;500.0;5000.0
BRIANCON_05_AGG_CP;44.89836120605469;6.640040874481201;2025-06-02 02:00:00;3.1483332316080777;True;' ' ' ' ' ' ' ' ' ' ' ';90.92499923706055;176;99;0.0;361.04978642263;1264;asphalte;True;Mur;True;3.1483332316080777;;0.596825128380829;;;2025-06-02 02:00:00;;2025-06-02 02:00:00;0.0;82828.515625;283.8160400390625;0.6941092014312744;1.1006865501403809;0.9397392272949219;500.0;5000.0
BRIANCON_05_AGG_CP;44.89836120605469;6.640040874481201;2025-06-02 03:00:00;4.210000356038421;True;' ' ' ' ' ' ' ' ' ' ' ';91.98666636149089;176;99;0.0;361.04978642263;1264;asphalte;True;Mur;True;4.210000356038421;;0.5920778515904057;;;2025-06-02 03:00:00;;2025-06-02 03:00:00;0.0;82810.1796875;283.0959777832031;0.8570591807365417;1.170248031616211;1.1238203048706055;500.0;5000.0
BRIANCON_05_AGG_CP;44.89836120605469;6.640040874481201;2025-06-02 04:00:00;3.5450007120768277;True;' ' ' ' ' ' ' ' ' ' ' ';91.3216667175293;176;99;0.0;361.04978642263;1264;asphalte;True;Mur;True;3.5450007120768277;;0.6110819370051118;;;2025-06-02 04:00:00;;2025-06-02 04:00:00;0.0;82802.5703125;283.168701171875;1.0011945962905884;1.4132705926895142;1.0708887577056885;2750.0;2900.4126
BRIANCON_05_AGG_CP;44.89836120605469;6.640040874481201;2025-06-02 05:00:00;2.645000457763672;True;' ' ' ' ' ' ' ' ' ' ' ';90.42166646321614;176;99;0.0;361.04978642263;1264;asphalte;True;Mur;True;2.645000457763672;;0.7700941934921796;;;2025-06-02 05:00:00;;2025-06-02 05:00:00;0.0;82817.7890625;283.37420654296875;0.8520675897598267;1.5208852291107178;0.8298587203025818;1750.0;8800.0
BRIANCON_05_AGG_CP;44.89836120605469;6.640040874481201;2025-06-02 06:00:00;4.898334503173828;True;' ' ' ' ' ' ' ' ' ' ' ';92.6750005086263;176;99;0.0;361.04978642263;1264;asphalte;True;Mur;True;4.898334503173828;;1.9627192449425679;;;2025-06-02 06:00:00;;2025-06-02 06:00:00;0.0;82813.46875;283.2586364746094;0.8382536768913269;0.6284664869308472;0.5401056408882141;2750.0;8800.0
BRIANCON_05_AGG_CP;44.89836120605469;6.640040874481201;2025-06-02 07:00:00;6.373332977294922;True;' ' ' ' ' ' ' ' ' ' ' ';94.14999898274739;176;99;0.0;361.04978642263;1264;asphalte;True;Mur;True;6.373332977294922;;1.8735874180234036;;;2025-06-02 07:00:00;;2025-06-02 07:00:00;0.0;82777.5546875;282.442626953125;0.4923666715621948;0.9750822186470032;1.1066533327102661;500.0;2500.0
BRIANCON_05_AGG_CP;44.89836120605469;6.640040874481201;2025-06-02 08:00:00;3.3966662089029995;True;' ' ' ' ' ' ' ' ' ' ' ';91.17333221435547;176;99;0.0;361.04978642263;1264;asphalte;True;Mur;True;3.3966662089029995;;2.0475523620361313;;;2025-06-02 08:00:00;;2025-06-02 08:00:00;0.8604497313499451;82740.609375;282.7941589355469;4.494612216949463;1.5939395427703857;0.5646381378173828;625.0;6240.0454
BRIANCON_05_AGG_CP;44.89836120605469;6.640040874481201;2025-06-02 09:00:00;3.5416666666666714;True;' ' ' ' ' ' ' ' ' ' ' ';91.31833267211914;176;99;0.0;361.04978642263;1264;asphalte;True;Mur;True;3.5416666666666714;;4.609161880289592;;;2025-06-02 09:00:00;;2025-06-02 09:00:00;0.0;82701.5625;283.2572021484375;52.34783935546875;1.7030894756317139;0.8928585052490234;625.0;3622.139
BRIANCON_05_AGG_CP;44.89836120605469;6.640040874481201;2025-06-02 10:00:00;2.3083343505859375;True;' ' ' ' ' ' ' ' ' ' ' ';90.0850003560384;176;99;0.0;361.04978642263;1264;asphalte;True;Mur;True;2.3083343505859375;;1.975262921977139;;;2025-06-02 10:00:00;;2025-06-02 10:00:00;0.0;82680.6796875;283.7500915527344;0.2311640828847885;1.6760205030441284;0.9047985076904297;2209.4456;2500.0
BRIANCON_05_AGG_CP;44.89836120605469;6.640040874481201;2025-06-02 11:00:00;3.2383333841959683;True;' ' ' ' ' ' ' ' ' ' ' ';91.01499938964844;176;99;0.0;361.04978642263;1264;asphalte;True;Mur;True;3.2383333841959683;;0.7186913173959364;;;2025-06-02 11:00:00;;2025-06-02 11:00:00;0.0;82622.8671875;286.33587646484375;69.90771484375;2.034876823425293;0.7932229042053223;875.0;2750.0
BRIANCON_05_AGG_CP;44.89836120605469;6.640040874481201;2025-06-02 12:00:00;2.956667582194015;True;' ' ' ' ' ' ' ' ' ' ' ';90.73333358764648;176;99;0.0;361.04978642263;1264;asphalte;True;Mur;True;2.956667582194015;;0.3585310759217364;;;2025-06-02 12:00:00;;2025-06-02 12:00:00;0.0;82591.1015625;287.0595397949219;81.12870788574219;2.320826292037964;0.3666728436946869;1250.0;3623.3652
BRIANCON_05_AGG_CP;44.89836120605469;6.640040874481201;2025-06-02 13:00:00;3.5749994913737027;True;' ' ' ' ' ' ' ' ' ' ' ';91.35166549682617;176;99;0.0;361.04978642263;1264;asphalte;True;Mur;True;3.5749994913737027;;0.3191596401226626;;;2025-06-02 13:00:00;;2025-06-02 13:00:00;0.20959685742855072;82596.484375;287.71685791015625;88.42623138427734;2.2964112758636475;0.7665753960609436;2250.0;3624.5474
BRIANCON_05_AGG_CP;44.89836120605469;6.640040874481201;2025-06-02 14:00:00;2.9683329264322964;True;' ' ' ' ' ' ' ' ' ' ' ';90.74499893188477;176;99;0.0;361.04978642263;1264;asphalte;True;Mur;True;2.9683329264322964;;1.0013242188536275;;;2025-06-02 14:00:00;;2025-06-02 14:00:00;0.0;82574.21875;287.6170654296875;82.46287536621094;2.2406861782073975;0.9636552929878235;2500.0;8800.0
BRIANCON_05_AGG_CP;44.89836120605469;6.640040874481201;2025-06-02 15:00:00;1.0766665140787808;True;' ' ' ' ' ' ' ' ' ' ' ';88.85333251953125;176;99;0.0;361.04978642263;1264;asphalte;True;Mur;True;1.0766665140787808;;0.5617382047799074;;;2025-06-02 15:00:00;;2025-06-02 15:00:00;0.0;82566.6640625;287.329345703125;83.45002746582031;2.5569255352020264;0.8648388385772705;2750.0;2889.608
BRIANCON_05_AGG_CP;44.89836120605469;6.640040874481201;2025-06-02 16:00:00;1.8933347066243584;True;' ' ' ' ' ' ' ' ' ' ' ';89.67000071207683;176;99;0.0;361.04978642263;1264;asphalte;True;Mur;True;1.8933347066243584;;0.4228878477865322;;;2025-06-02 16:00:00;;2025-06-02 16:00:00;1.06174898147583;82590.40625;286.75457763671875;86.64496612548828;3.0462028980255127;0.6180362701416016;2750.0;8800.0
BRIANCON_05_AGG_CP;44.89836120605469;6.640040874481201;2025-06-02 17:00:00;0.7866668701171875;True;' ' ' ' ' ' ' ' ' ' ' ';88.56333287556966;176;99;0.0;361.04978642263;1264;asphalte;True;Mur;True;0.7866668701171875;;2.4375917300270555;;;2025-06-02 17:00:00;;2025-06-02 17:00:00;0.0;82618.1484375;286.0541076660156;75.27364349365234;2.72884464263916;0.5791382789611816;2250.0;8800.0
BRIANCON_05_AGG_CP;44.89836120605469;6.640040874481201;2025-06-02 18:00:00;3.8683344523112027;True;' ' ' ' ' ' ' ' ' ' ' ';91.64500045776367;176;99;0.0;361.04978642263;1264;asphalte;True;Mur;True;3.8683344523112027;;2.4528890637393053;;;2025-06-02 18:00:00;;2025-06-02 18:00:00;0.07356839627027512;82632.0234375;285.5224609375;54.08815002441406;2.3356573581695557;0.5305930972099304;1375.0;8800.0
BRIANCON_05_AGG_CP;44.89836120605469;6.640040874481201;2025-06-02 19:00:00;0.9716669718424527;True;' ' ' ' ' ' ' ' ' ' ' ';88.74833297729492;176;99;0.0;361.04978642263;1264;asphalte;True;Mur;True;0.9716669718424527;;2.7542148249570797;;;2025-06-02 19:00:00;;2025-06-02 19:00:00;0.0;82614.7578125;285.23797607421875;5.785548210144043;2.888383626937866;0.6022062301635742;750.0;3606.2615
BRIANCON_05_AGG_CP;44.89836120605469;6.640040874481201;2025-06-02 20:00:00;2.52166748046875;True;' ' ' ' ' ' ' ' ' ' ' ';90.29833348592122;176;99;0.0;361.04978642263;1264;asphalte;True;Mur;True;2.52166748046875;;1.3292303781102521;;;2025-06-02 20:00:00;;2025-06-02 20:00:00;0.0;82636.3359375;284.99334716796875;5.608418941497803;2.787184238433838;0.3955635726451874;750.0;2500.0
BRIANCON_05_AGG_CP;44.89836120605469;6.640040874481201;2025-06-02 21:00:00;1.710000356038421;True;' ' ' ' ' ' ' ' ' ' ' ';89.48666636149089;176;99;0.0;361.04978642263;1264;asphalte;True;Mur;True;1.710000356038421;;0.5563374956031597;;;2025-06-02 21:00:00;;2025-06-02 21:00:00;0.0;82638.515625;284.8017272949219;4.14422082901001;2.673027276992798;0.6220100522041321;750.0;2500.0
BRIANCON_05_AGG_CP;44.89836120605469;6.640040874481201;2025-06-02 22:00:00;2.299999237060547;True;' ' ' ' ' ' ' ' ' ' ' ';90.07666524251302;176;99;0.0;361.04978642263;1264;asphalte;True;Mur;True;2.299999237060547;;0.34153732088575833;;;2025-06-02 22:00:00;;2025-06-02 22:00:00;0.0;82649.9296875;284.5830383300781;1.8673537969589233;2.34572696685791;0.45099231600761414;2871.3108;3603.5928
BRIANCON_05_AGG_CP;44.89836120605469;6.640040874481201;2025-06-02 23:00:00;2.481667836507171;True;' ' ' ' ' ' ' ' ' ' ' ';90.25833384195964;176;99;0.0;361.04978642263;1264;asphalte;True;Mur;True;2.481667836507171;;0.2986522162386207;;;2025-06-02 23:00:00;;2025-06-02 23:00:00;0.0;82640.0;284.14874267578125;1.0370105504989624;2.2524843215942383;0.18642422556877136;2869.284;3601.66
BRIANCON_05_AGG_CP;44.89836120605469;6.640040874481201;2025-06-03 00:00:00;0.0;True;' ' ' ' ' ' ' ' ' ' ' ';87.77666600545247;176;99;0.0;361.04978642263;1264;asphalte;True;Mur;True;0.0;;0.2989994482473918;;;2025-06-03 00:00:00;;2025-06-03 00:00:00;0.0;82629.9609375;283.21173095703125;1.122865915298462;2.1165735721588135;0.4659120440483093;500.0;5000.0
BRIANCON_05_AGG_CP;44.89836120605469;6.640040874481201;2025-06-03 01:00:00;1.4183336893717495;True;' ' ' ' ' ' ' ' ' ' ' ';89.19499969482422;176;99;0.0;361.04978642263;1264;asphalte;True;Mur;True;1.4183336893717495;;0.3107492534777309;;;2025-06-03 01:00:00;;2025-06-03 01:00:00;0.0;82642.71875;282.9757995605469;1.2688812017440796;2.1472768783569336;0.6111289858818054;500.0;5000.0
BRIANCON_05_AGG_CP;44.89836120605469;6.640040874481201;2025-06-03 02:00:00;2.491666158040374;True;' ' ' ' ' ' ' ' ' ' ' ';90.26833216349284;176;99;0.0;361.04978642263;1264;asphalte;True;Mur;True;2.491666158040374;;0.3212016834149359;;;2025-06-03 02:00:00;;2025-06-03 02:00:00;0.0;82625.3203125;282.8990478515625;1.0582274198532104;1.8944660425186157;0.8084570169448853;500.0;5000.0
BRIANCON_05_AGG_CP;44.89836120605469;6.640040874481201;2025-06-03 03:00:00;2.148334503173828;True;' ' ' ' ' ' ' ' ' ' ' ';89.9250005086263;176;99;0.0;361.04978642263;1264;asphalte;True;Mur;True;2.148334503173828;;0.32425124597054017;;;2025-06-03 03:00:00;;2025-06-03 03:00:00;0.0;82638.671875;282.30926513671875;1.0343897342681885;1.8649721145629883;0.696462869644165;500.0;5000.0
BRIANCON_05_AGG_CP;44.89836120605469;6.640040874481201;2025-06-03 04:00:00;1.6233342488606866;True;' ' ' ' ' ' ' ' ' ' ' ';89.40000025431316;176;99;0.0;361.04978642263;1264;asphalte;True;Mur;True;1.6233342488606866;;0.3077361851672525;;;2025-06-03 04:00:00;;2025-06-03 04:00:00;0.0;82622.1171875;281.5603332519531;1.192874789237976;1.242200255393982;0.6485245823860168;500.0;5000.0
BRIANCON_05_AGG_CP;44.89836120605469;6.640040874481201;2025-06-03 05:00:00;2.901667277018234;True;' ' ' ' ' ' ' ' ' ' ' ';90.6783332824707;176;99;0.0;361.04978642263;1264;asphalte;True;Mur;True;2.901667277018234;;0.31764042080200533;;;2025-06-03 05:00:00;;2025-06-03 05:00:00;0.0;82611.953125;280.7764892578125;0.9316169619560242;0.9707891941070557;0.6469213962554932;500.0;5000.0
BRIANCON_05_AGG_CP;44.89836120605469;6.640040874481201;2025-06-03 06:00:00;2.558333079020187;True;' ' ' ' ' ' ' ' ' ' ' ';90.33499908447266;176;99;0.0;361.04978642263;1264;asphalte;True;Mur;True;2.558333079020187;;0.36478942425349076;;;2025-06-03 06:00:00;;2025-06-03 06:00:00;0.0;82593.9609375;280.8434143066406;1.1834847927093506;0.8464423418045044;0.6883987784385681;500.0;5000.0
BRIANCON_05_AGG_CP;44.89836120605469;6.640040874481201;2025-06-03 07:00:00;3.0716654459635464;True;' ' ' ' ' ' ' ' ' ' ' ';90.84833145141602;176;99;0.0;361.04978642263;1264;asphalte;True;Mur;True;3.0716654459635464;;0.35102650766585114;;;2025-06-03 07:00:00;;2025-06-03 07:00:00;0.0;82564.328125;282.3849792480469;2.9879801273345947;1.1960265636444092;0.5031025409698486;500.0;5000.0
BRIANCON_05_AGG_CP;44.89836120605469;6.640040874481201;2025-06-03 08:00:00;1.475001017252609;True;' ' ' ' ' ' ' ' ' ' ' ';89.25166702270508;176;99;0.0;361.04978642263;1264;asphalte;True;Mur;True;1.475001017252609;;0.26168132602217425;;;2025-06-03 08:00:00;;2025-06-03 08:00:00;0.0;82528.5078125;284.2832946777344;44.67768478393555;1.614870309829712;0.4189209043979645;2000.0;2750.0
BRIANCON_05_AGG_CP;44.89836120605469;6.640040874481201;2025-06-03 09:00:00;1.8333346048990933;True;' ' ' ' ' ' ' ' ' ' ' ';89.61000061035156;176;99;0.0;361.04978642263;1264;asphalte;True;Mur;True;1.8333346048990933;;0.2821511091172929;;;2025-06-03 09:00:00;;2025-06-03 09:00:00;0.0;82525.515625;285.2804260253906;73.8404541015625;2.1338589191436768;0.05954345688223839;875.0;5255.861
BRIANCON_05_AGG_CP;44.89836120605469;6.640040874481201;2025-06-03 10:00:00;4.511667887369796;True;' ' ' ' ' ' ' ' ' ' ' ';92.28833389282227;176;99;0.0;361.04978642263;1264;asphalte;True;Mur;True;4.511667887369796;;0.36962610706556265;;;2025-06-03 10:00:00;;2025-06-03 10:00:00;0.0;82528.7421875;286.0926818847656;79.55903625488281;2.105889320373535;0.022176513448357582;1125.0;4395.288
BRIANCON_05_AGG_CP;44.89836120605469;6.640040874481201;2025-06-03 11:00:00;2.031667073567718;True;' ' ' ' ' ' ' ' ' ' ' ';89.80833307902019;176;99;0.0;361.04978642263;1264;asphalte;True;Mur;True;2.031667073567718;;0.2441958744589523;;;2025-06-03 11:00:00;;2025-06-03 11:00:00;0.0;82517.109375;287.0140686035156;83.92230224609375;2.2067389488220215;0.3063262403011322;500.0;5000.0
BRIANCON_05_AGG_CP;44.89836120605469;6.640040874481201;2025-06-03 12:00:00;2.756669362386077;True;' ' ' ' ' ' ' ' ' ' ' ';90.53333536783855;176;99;0.0;361.04978642263;1264;asphalte;True;Mur;True;2.756669362386077;;0.18936834522351176;;;2025-06-03 12:00:00;;2025-06-03 12:00:00;0.0;82505.1875;288.070068359375;80.28215026855469;2.3177738189697266;0.836525022983551;500.0;5000.0
BRIANCON_05_AGG_CP;44.89836120605469;6.640040874481201;2025-06-03 13:00:00;0.9683329264322964;True;' ' ' ' ' ' ' ' ' ' ' ';88.74499893188477;176;99;0.0;361.04978642263;1264;asphalte;True;Mur;True;0.9683329264322964;;0.1631419974698449;;;2025-06-03 13:00:00;;2025-06-03 13:00:00;0.0;82462.03125;288.910400390625;84.3343276977539;2.2877821922302246;0.7313513159751892;2883.801;3612.7966
BRIANCON_05_AGG_CP;44.89836120605469;6.640040874481201;2025-06-03 14:00:00;2.314999898274749;True;' ' ' ' ' ' ' ' ' ' ' ';90.09166590372722;176;99;0.0;361.04978642263;1264;asphalte;True;Mur;True;2.314999898274749;;0.14874915264372762;;;2025-06-03 14:00:00;;2025-06-03 14:00:00;0.0;82443.2109375;289.22003173828125;85.47425079345703;2.365732192993164;0.6723852753639221;500.0;5000.0
BRIANCON_05_AGG_CP;44.89836120605469;6.640040874481201;2025-06-03 15:00:00;2.5583343505859375;True;' ' ' ' ' ' ' ' ' ' ' ';90.3350003560384;176;99;0.0;361.04978642263;1264;asphalte;True;Mur;True;2.5583343505859375;;0.14464901444601747;;;2025-06-03 15:00:00;;2025-06-03 15:00:00;0.0;82422.546875;289.4405822753906;78.86113739013672;2.432520866394043;0.8788073658943176;2750.0;3616.6426
BRIANCON_05_AGG_CP;44.89836120605469;6.640040874481201;2025-06-03 16:00:00;2.718334197998047;True;' ' ' ' ' ' ' ' ' ' ' ';90.49500020345052;176;99;0.0;361.04978642263;1264;asphalte;True;Mur;True;2.718334197998047;;0.14270764745697578;;;2025-06-03 16:00:00;;2025-06-03 16:00:00;0.0;82422.2578125;289.25213623046875;77.48181915283203;2.4666545391082764;0.6994730234146118;500.0;5000.0
BRIANCON_05_AGG_CP;44.89836120605469;6.640040874481201;2025-06-03 17:00:00;1.989999135335296;True;' ' ' ' ' ' ' ' ' ' ' ';89.76666514078777;176;99;0.0;361.04978642263;1264;asphalte;True;Mur;True;1.989999135335296;;0.15689968855397973;;;2025-06-03 17:00:00;;2025-06-03 17:00:00;0.05258999764919281;82436.0546875;288.8092346191406;64.10057830810547;2.3553073406219482;0.46612289547920227;500.0;5000.0
BRIANCON_05_AGG_CP;44.89836120605469;6.640040874481201;2025-06-03 18:00:00;2.6700007120768277;True;' ' ' ' ' ' ' ' ' ' ' ';90.4466667175293;176;99;0.0;361.04978642263;1264;asphalte;True;Mur;True;2.6700007120768277;;0.26589521600131616;;;2025-06-03 18:00:00;;2025-06-03 18:00:00;0.0;82476.96875;288.39764404296875;46.81287384033203;2.259469985961914;0.5839762687683105;500.0;5000.0
BRIANCON_05_AGG_CP;44.89836120605469;6.640040874481201;2025-06-03 19:00:00;2.1466687520345147;True;' ' ' ' ' ' ' ' ' ' ' ';89.92333475748698;176;99;0.0;361.04978642263;1264;asphalte;True;Mur;True;2.1466687520345147;;0.2264024173215598;;;2025-06-03 19:00:00;;2025-06-03 19:00:00;0.0;82491.09375;287.70526123046875;39.938899993896484;2.43890380859375;0.3667473793029785;500.0;5000.0
BRIANCON_05_AGG_CP;44.89836120605469;6.640040874481201;2025-06-03 20:00:00;2.546667734781906;True;' ' ' ' ' ' ' ' ' ' ' ';90.32333374023438;176;99;0.0;361.04978642263;1264;asphalte;True;Mur;True;2.546667734781906;;0.22402455866939175;;;2025-06-03 20:00:00;;2025-06-03 20:00:00;0.0;82575.0;287.0398254394531;1.8580577373504639;2.1108922958374023;0.06549292802810669;500.0;5000.0
BRIANCON_05_AGG_CP;44.89836120605469;6.640040874481201;2025-06-03 21:00:00;2.6966679890950616;True;' ' ' ' ' ' ' ' ' ' ' ';90.47333399454753;176;99;0.0;361.04978642263;1264;asphalte;True;Mur;True;2.6966679890950616;;0.24728810308054933;;;2025-06-03 21:00:00;;2025-06-03 21:00:00;0.0;82602.28125;285.80810546875;1.3233178853988647;1.572353482246399;-0.19409418106079102;500.0;5000.0
BRIANCON_05_AGG_CP;44.89836120605469;6.640040874481201;2025-06-03 22:00:00;4.199999491373703;True;' ' ' ' ' ' ' ' ' ' ' ';91.97666549682617;176;99;0.0;361.04978642263;1264;asphalte;True;Mur;True;4.199999491373703;;0.2790614175287795;;;2025-06-03 22:00:00;;2025-06-03 22:00:00;0.0;82602.5625;284.653564453125;1.5704113245010376;1.2468516826629639;0.6263971328735352;2199.301;2250.0
BRIANCON_05_AGG_CP;44.89836120605469;6.640040874481201;2025-06-03 23:00:00;2.3000005086263116;True;' ' ' ' ' ' ' ' ' ' ' ';90.07666651407878;176;99;0.0;361.04978642263;1264;asphalte;True;Mur;True;2.3000005086263116;;0.3038065160771222;;;2025-06-03 23:00:00;;2025-06-03 23:00:00;0.0;82584.71875;284.2291564941406;1.6721187829971313;1.4440548419952393;0.8273962736129761;500.0;5000.0
BRIANCON_05_AGG_CP;44.89836120605469;6.640040874481201;2025-06-04 00:00:00;2.728335062662765;True;' ' ' ' ' ' ' ' ' ' ' ';90.50500106811523;176;99;0.0;361.04978642263;1264;asphalte;True;Mur;True;2.728335062662765;;0.3164327686596552;;;2025-06-04 00:00:00;;2025-06-04 00:00:00;0.0;82560.6171875;284.078369140625;1.9885185956954956;1.4178252220153809;0.8045799136161804;500.0;5000.0
BRIANCON_05_AGG_CP;44.89836120605469;6.640040874481201;2025-06-04 01:00:00;1.9866676330566406;True;' ' ' ' ' ' ' ' ' ' ' ';90.7316665649414;176;99;0.0;361.04978642263;1264;asphalte;True;Mur;True;1.9866676330566406;;0.5438028933407724;;;2025-06-04 01:00:00;;2025-06-04 01:00:00;0.0;82515.8671875;283.8697204589844;1.9080384969711304;1.496870517730713;0.8467237949371338;2000.0;2500.0
BRIANCON_05_AGG_CP;44.89836120605469;6.640040874481201;2025-06-04 02:00:00;1.3100001017252652;True;' ' ' ' ' ' ' ' ' ' ' ';90.05499903361003;176;99;0.0;361.04978642263;1264;asphalte;True;Mur;True;1.3100001017252652;;0.48819332365730717;;;2025-06-04 02:00:00;;2025-06-04 02:00:00;0.10098283737897873;82509.21875;283.2629089355469;2.2396152019500732;1.8008184432983398;0.8612154126167297;1549.6174;2750.0
BRIANCON_05_AGG_CP;44.89836120605469;6.640040874481201;2025-06-04 03:00:00;4.723333994547531;True;' ' ' ' ' ' ' ' ' ' ' ';93.4683329264323;176;99;0.0;361.04978642263;1264;asphalte;True;Mur;True;4.723333994547531;;0.5836983240498084;;;2025-06-04 03:00:00;;2025-06-04 03:00:00;0.0;82479.8359375;281.8377380371094;1.8315309286117554;0.8905112743377686;0.41273191571235657;1500.0;7260.8745
BRIANCON_05_AGG_CP;44.89836120605469;6.640040874481201;2025-06-04 04:00:00;4.311667124430343;True;' ' ' ' ' ' ' ' ' ' ' ';93.05666605631511;176;99;0.0;361.04978642263;1264;asphalte;True;Mur;True;4.311667124430343;;0.46854053839875953;;;2025-06-04 04:00:00;;2025-06-04 04:00:00;0.0;82476.4609375;280.0560302734375;1.6028077602386475;1.0106158256530762;0.966011106967926;2250.0;4374.7705
BRIANCON_05_AGG_CP;44.89836120605469;6.640040874481201;2025-06-04 05:00:00;2.1650009155273438;True;' ' ' ' ' ' ' ' ' ' ' ';90.90999984741211;176;99;0.0;361.04978642263;1264;asphalte;True;Mur;True;2.1650009155273438;;0.45995902399342814;;;2025-06-04 05:00:00;;2025-06-04 05:00:00;0.5046900510787964;82443.78125;280.9635009765625;1.8225497007369995;0.9714649319648743;1.4495468139648438;2250.0;2750.0
BRIANCON_05_AGG_CP;44.89836120605469;6.640040874481201;2025-06-04 06:00:00;2.7033348083496094;True;' ' ' ' ' ' ' ' ' ' ' ';91.44833374023438;176;99;0.0;361.04978642263;1264;asphalte;True;Mur;True;2.7033348083496094;;0.5265839522240745;;;2025-06-04 06:00:00;;2025-06-04 06:00:00;0.0;82394.640625;281.8567199707031;17.244752883911133;1.3051581382751465;1.1854742765426636;500.0;5000.0
BRIANCON_05_AGG_CP;44.89836120605469;6.640040874481201;2025-06-04 07:00:00;2.7383346557617188;True;' ' ' ' ' ' ' ' ' ' ' ';91.48333358764648;176;99;0.0;361.04978642263;1264;asphalte;True;Mur;True;2.7383346557617188;;0.6034517612170387;;;2025-06-04 07:00:00;;2025-06-04 07:00:00;0.0;82309.671875;284.3580627441406;39.79172897338867;2.2518980503082275;-0.4694121181964874;500.0;5000.0
BRIANCON_05_AGG_CP;44.89836120605469;6.640040874481201;2025-06-04 08:00:00;2.463334401448563;True;' ' ' ' ' ' ' ' ' ' ' ';91.20833333333333;176;99;0.0;361.04978642263;1264;asphalte;True;Mur;True;2.463334401448563;;0.40553742005136617;;;2025-06-04 08:00:00;;2025-06-04 08:00:00;0.0;82254.3828125;286.12115478515625;65.37052917480469;2.9667577743530273;-0.6874394416809082;500.0;5000.0
BRIANCON_05_AGG_CP;44.89836120605469;6.640040874481201;2025-06-04 09:00:00;2.6283353169759067;True;' ' ' ' ' ' ' ' ' ' ' ';91.37333424886067;176;99;0.0;361.04978642263;1264;asphalte;True;Mur;True;2.6283353169759067;;0.15673507413813126;;;2025-06-04 09:00:00;;2025-06-04 09:00:00;0.0;82252.046875;286.8875732421875;91.06156921386719;3.6418139934539795;0.24915313720703125;1750.0;8439.54
BRIANCON_05_AGG_CP;44.89836120605469;6.640040874481201;2025-06-04 10:00:00;2.8033358256022183;True;' ' ' ' ' ' ' ' ' ' ' ';91.54833475748698;176;99;0.0;361.04978642263;1264;asphalte;True;Mur;True;2.8033358256022183;;0.14962007463059993;;;2025-06-04 10:00:00;;2025-06-04 10:00:00;0.0;82280.6640625;286.1105651855469;103.95263671875;3.8376450538635254;-0.048989295959472656;1500.0;2169.0828
BRIANCON_05_AGG_CP;44.89836120605469;6.640040874481201;2025-06-04 11:00:00;2.9350013732910156;True;' ' ' ' ' ' ' ' ' ' ' ';91.68000030517578;176;99;0.0;361.04978642263;1264;asphalte;True;Mur;True;2.9350013732910156;;0.09628926074447403;;;2025-06-04 11:00:00;;2025-06-04 11:00:00;0.11111720651388168;82294.3671875;285.331298828125;101.53785705566406;3.5396008491516113;-0.43953150510787964;2842.3752;3568.9536
BRIANCON_05_AGG_CP;44.89836120605469;6.640040874481201;2025-06-04 12:00:00;2.9166666666666714;True;' ' ' ' ' ' ' ' ' ' ' ';91.66166559855144;176;99;0.0;361.04978642263;1264;asphalte;True;Mur;True;2.9166666666666714;;0.0820060084292043;;;2025-06-04 12:00:00;;2025-06-04 12:00:00;0.0;82269.8828125;285.85675048828125;90.9527587890625;3.4506397247314453;0.4239071309566498;1375.0;1537.0052
BRIANCON_05_AGG_CP;44.89836120605469;6.640040874481201;2025-06-04 13:00:00;1.971665700276688;True;' ' ' ' ' ' ' ' ' ' ' ';90.71666463216145;176;99;0.0;361.04978642263;1264;asphalte;True;Mur;True;1.971665700276688;;0.06318443083195083;;;2025-06-04 13:00:00;;2025-06-04 13:00:00;0.05999999865889549;82237.71875;286.078125;101.03559112548828;2.9579248428344727;0.7284855842590332;2164.5369;2250.0
BRIANCON_05_AGG_CP;44.89836120605469;6.640040874481201;2025-06-04 14:00:00;1.3866666158040317;True;' ' ' ' ' ' ' ' ' ' ' ';90.853333791097;176;99;0.0;361.04978642263;1264;asphalte;True;Mur;True;1.3866666158040317;;0.0924755084519887;;;2025-06-04 14:00:00;;2025-06-04 14:00:00;0.0;82195.390625;286.49176025390625;97.2811050415039;2.722155809402466;1.0447849035263062;2162.5798;2250.0
BRIANCON_05_AGG_CP;44.89836120605469;6.640040874481201;2025-06-04 15:00:00;0.8833338419596402;True;' ' ' ' ' ' ' ' ' ' ' ';90.35000101725261;176;99;0.0;361.04978642263;1264;asphalte;True;Mur;True;0.8833338419596402;;1.0595451274166001;;;2025-06-04 15:00:00;;2025-06-04 15:00:00;2.25040602684021;82207.953125;285.85345458984375;92.75682830810547;3.151336193084717;0.2525366544723511;875.0;8800.0
BRIANCON_05_AGG_CP;44.89836120605469;6.640040874481201;2025-06-04 16:00:00;3.6866671244303433;True;' ' ' ' ' ' ' ' ' ' ' ';93.15333429972331;176;99;0.0;361.04978642263;1264;asphalte;True;Mur;True;3.6866671244303433;;4.095571538159648;;;2025-06-04 16:00:00;;2025-06-04 16:00:00;1.2777684926986694;82241.625;285.14544677734375;83.51453399658203;3.305840015411377;0.3587738275527954;750.0;8800.0
BRIANCON_05_AGG_CP;44.89836120605469;6.640040874481201;2025-06-04 17:00:00;2.3116658528645786;True;' ' ' ' ' ' ' ' ' ' ' ';91.77833302815755;176;99;0.0;361.04978642263;1264;asphalte;True;Mur;True;2.3116658528645786;;5.132221991138719;;;2025-06-04 17:00:00;;2025-06-04 17:00:00;0.006158404052257538;82229.0859375;284.6582336425781;72.95519256591797;3.666821241378784;0.2088318020105362;625.0;2500.0
BRIANCON_05_AGG_CP;44.89836120605469;6.640040874481201;2025-06-04 18:00:00;2.7899983723958286;True;' ' ' ' ' ' ' ' ' ' ' ';92.2566655476888;176;99;0.0;361.04978642263;1264;asphalte;True;Mur;True;2.7899983723958286;;2.7051144527515114;;;2025-06-04 18:00:00;;2025-06-04 18:00:00;0.0;82259.4609375;284.572265625;62.6876335144043;3.24263334274292;0.7888576984405518;2158.7207;2250.0
BRIANCON_05_AGG_CP;44.89836120605469;6.640040874481201;2025-06-04 19:00:00;1.0283317565917969;True;' ' ' ' ' ' ' ' ' ' ' ';90.49499893188477;176;99;0.0;361.04978642263;1264;asphalte;True;Mur;True;1.0283317565917969;;1.1484425715101165;;;2025-06-04 19:00:00;;2025-06-04 19:00:00;0.3644213080406189;82300.7265625;284.0856018066406;4.014556407928467;2.833104133605957;0.44317102432250977;1125.0;1250.0
BRIANCON_05_AGG_CP;44.89836120605469;6.640040874481201;2025-06-04 20:00:00;1.2783317565917969;True;' ' ' ' ' ' ' ' ' ' ' ';90.74499893188477;176;99;0.0;361.04978642263;1264;asphalte;True;Mur;True;1.2783317565917969;;0.6515738632233842;;;2025-06-04 20:00:00;;2025-06-04 20:00:00;0.10839284211397171;82373.0;283.4574890136719;1.852057933807373;2.537773370742798;0.20942381024360657;2837.275;3565.9365
BRIANCON_05_AGG_CP;44.89836120605469;6.640040874481201;2025-06-04 21:00:00;2.6766675313313755;True;' ' ' ' ' ' ' ' ' ' ' ';92.14333470662434;176;99;0.0;361.04978642263;1264;asphalte;True;Mur;True;2.6766675313313755;;0.7848144985451999;;;2025-06-04 21:00:00;;2025-06-04 21:00:00;0.05111721530556679;82411.4375;283.1174011230469;1.427879810333252;2.2629547119140625;0.257282018661499;2838.9292;3566.1965
BRIANCON_05_AGG_CP;44.89836120605469;6.640040874481201;2025-06-04 22:00:00;2.0749994913737027;True;' ' ' ' ' ' ' ' ' ' ' ';91.54166666666667;176;99;0.0;361.04978642263;1264;asphalte;True;Mur;True;2.0749994913737027;;0.6596575336751537;;;2025-06-04 22:00:00;;2025-06-04 22:00:00;0.0;82434.1328125;282.81878662109375;1.1963170766830444;1.9409693479537964;0.3146922290325165;2000.0;2750.0
BRIANCON_05_AGG_CP;44.89836120605469;6.640040874481201;2025-06-04 23:00:00;2.13833363850911;True;' ' ' ' ' ' ' ' ' ' ' ';91.60500081380208;176;99;0.0;361.04978642263;1264;asphalte;True;Mur;True;2.13833363850911;;0.5299853329636395;;;2025-06-04 23:00:00;;2025-06-04 23:00:00;0.0;82451.015625;282.3451232910156;1.1720635890960693;1.6950396299362183;0.7001311779022217;500.0;5000.0
BRIANCON_05_AGG_CP;44.89836120605469;6.640040874481201;2025-06-05 00:00:00;0.14166641235351562;True;' ' ' ' ' ' ' ' ' ' ' ';89.60833358764648;176;99;0.0;361.04978642263;1264;asphalte;True;Mur;True;0.14166641235351562;;0.4158456294155871;;;2025-06-05 00:00:00;;2025-06-05 00:00:00;0.0;82454.703125;281.634033203125;1.039252758026123;1.6324210166931152;0.9366067051887512;500.0;5000.0
BRIANCON_05_AGG_CP;44.89836120605469;6.640040874481201;2025-06-05 01:00:00;1.14666748046875;True;' ' ' ' ' ' ' ' ' ' ' ';90.61333465576172;176;99;0.0;361.04978642263;1264;asphalte;True;Mur;True;1.14666748046875;;0.3793858293927449;;;2025-06-05 01:00:00;;2025-06-05 01:00:00;0.0;82475.515625;281.23681640625;1.032749056816101;1.8326122760772705;1.1660019159317017;500.0;5000.0
BRIANCON_05_AGG_CP;44.89836120605469;6.640040874481201;2025-06-05 02:00:00;0.9166666666666714;True;' ' ' ' ' ' ' ' ' ' ' ';90.38333384195964;176;99;0.0;361.04978642263;1264;asphalte;True;Mur;True;0.9166666666666714;;0.3647731043002894;;;2025-06-05 02:00:00;;2025-06-05 02:00:00;0.0;82470.1171875;279.890625;1.4592617750167847;1.3910630941390991;1.495771050453186;2750.0;3555.1675
BRIANCON_05_AGG_CP;44.89836120605469;6.640040874481201;2025-06-05 03:00:00;3.3566678365071567;True;' ' ' ' ' ' ' ' ' ' ' ';92.82333501180013;176;99;0.0;361.04978642263;1264;asphalte;True;Mur;True;3.3566678365071567;;0.42081343292789397;;;2025-06-05 03:00:00;;2025-06-05 03:00:00;0.0;82469.25;278.94097900390625;1.817036747932434;1.0249568223953247;1.2050280570983887;625.0;3552.3533
BRIANCON_05_AGG_CP;44.89836120605469;6.640040874481201;2025-06-05 04:00:00;2.079998016357422;True;' ' ' ' ' ' ' ' ' ' ' ';91.54666519165039;176;99;0.0;361.04978642263;1264;asphalte;True;Mur;True;2.079998016357422;;0.49695794354653877;;;2025-06-05 04:00:00;;2025-06-05 04:00:00;0.0;82437.2734375;278.90191650390625;1.7516446113586426;0.7289324402809143;1.015066385269165;2825.644;3551.2021
BRIANCON_05_AGG_CP;44.89836120605469;6.640040874481201;2025-06-05 05:00:00;1.6849988301595005;True;' ' ' ' ' ' ' ' ' ' ' ';91.15166600545247;176;99;0.0;361.04978642263;1264;asphalte;True;Mur;True;1.6849988301595005;;0.5654149511872403;;;2025-06-05 05:00:00;;2025-06-05 05:00:00;0.0;82435.890625;279.26422119140625;1.3341618776321411;0.8907364010810852;0.4520851671695709;2826.1045;5196.151
BRIANCON_05_AGG_CP;44.89836120605469;6.640040874481201;2025-06-05 06:00:00;2.5266647338867188;True;' ' ' ' ' ' ' ' ' ' ' ';91.99333190917969;176;99;0.0;361.04978642263;1264;asphalte;True;Mur;True;2.5266647338867188;;0.5451693783908862;;;2025-06-05 06:00:00;;2025-06-05 06:00:00;0.0;82431.8671875;280.102294921875;1.0124800205230713;0.7793399095535278;0.396393746137619;250.0;3553.5254
BRIANCON_05_AGG_CP;44.89836120605469;6.640040874481201;2025-06-05 07:00:00;3.400000254313156;True;' ' ' ' ' ' ' ' ' ' ' ';92.86666742960612;176;99;0.0;361.04978642263;1264;asphalte;True;Mur;True;3.400000254313156;;0.4460342251794147;;;2025-06-05 07:00:00;;2025-06-05 07:00:00;0.0;82395.7578125;281.06280517578125;1.9937807321548462;1.144290804862976;0.32701823115348816;625.0;2000.0
BRIANCON_05_AGG_CP;44.89836120605469;6.640040874481201;2025-06-05 08:00:00;1.306666056315109;True;' ' ' ' ' ' ' ' ' ' ' ';90.77333323160808;176;99;0.0;361.04978642263;1264;asphalte;True;Mur;True;1.306666056315109;;0.36232711167309695;;;2025-06-05 08:00:00;;2025-06-05 08:00:00;0.0;82376.359375;282.1504211425781;38.74623489379883;1.3487757444381714;0.3511883318424225;500.0;2000.0
BRIANCON_05_AGG_CP;44.89836120605469;6.640040874481201;2025-06-05 09:00:00;1.3483314514160156;True;' ' ' ' ' ' ' ' ' ' ' ';90.81499862670898;176;99;0.0;361.04978642263;1264;asphalte;True;Mur;True;1.3483314514160156;;0.2803675992540597;;;2025-06-05 09:00:00;;2025-06-05 09:00:00;0.0;82326.890625;283.63671875;56.03718185424805;1.6603927612304688;0.525665283203125;500.0;5000.0
BRIANCON_05_AGG_CP;44.89836120605469;6.640040874481201;2025-06-05 10:00:00;0.544999440511063;True;' ' ' ' ' ' ' ' ' ' ' ';90.01166661580403;176;99;0.0;361.04978642263;1264;asphalte;True;Mur;True;0.544999440511063;;0.2047455710833465;;;2025-06-05 10:00:00;;2025-06-05 10:00:00;0.0;82282.828125;285.35400390625;71.75312042236328;1.8699809312820435;0.5758994221687317;875.0;2500.0
BRIANCON_05_AGG_CP;44.89836120605469;6.640040874481201;2025-06-05 11:00:00;1.4383328755696567;True;' ' ' ' ' ' ' ' ' ' ' ';90.90500005086263;176;99;0.0;361.04978642263;1264;asphalte;True;Mur;True;1.4383328755696567;;0.14829771931941169;;;2025-06-05 11:00:00;;2025-06-05 11:00:00;0.0;82303.7890625;286.3938903808594;81.3879165649414;1.8359445333480835;0.6421915888786316;1539.4471;1750.0
BRIANCON_05_AGG_CP;44.89836120605469;6.640040874481201;2025-06-05 12:00:00;0.49166615804035985;True;' ' ' ' ' ' ' ' ' ' ' ';89.95833333333333;176;99;0.0;361.04978642263;1264;asphalte;True;Mur;True;0.49166615804035985;;0.12231387777617009;;;2025-06-05 12:00:00;;2025-06-05 12:00:00;0.0;82288.25;287.0423278808594;82.81121826171875;2.1551434993743896;0.8726997375488281;1540.9756;1750.0
BRIANCON_05_AGG_CP;44.89836120605469;6.640040874481201;2025-06-05 13:00:00;0.0;True;' ' ' ' ' ' ' ' ' ' ' ';89.46666717529297;176;99;0.0;361.04978642263;1264;asphalte;True;Mur;True;0.0;;0.10509454634669013;;;2025-06-05 13:00:00;;2025-06-05 13:00:00;0.0;82326.8828125;287.0670471191406;80.05142974853516;1.845024824142456;0.735844612121582;500.0;5000.0
BRIANCON_05_AGG_CP;44.89836120605469;6.640040874481201;2025-06-05 14:00:00;0.1366678873697964;True;' ' ' ' ' ' ' ' ' ' ' ';89.60333506266277;176;99;0.0;361.04978642263;1264;asphalte;True;Mur;True;0.1366678873697964;;0.09176330959741012;;;2025-06-05 14:00:00;;2025-06-05 14:00:00;0.0;82333.6171875;287.5202941894531;80.99739074707031;1.932022213935852;0.7969675064086914;500.0;5000.0
BRIANCON_05_AGG_CP;44.89836120605469;6.640040874481201;2025-06-05 15:00:00;1.279998779296875;True;' ' ' ' ' ' ' ' ' ' ' ';90.74666595458984;176;99;0.0;361.04978642263;1264;asphalte;True;Mur;True;1.279998779296875;;0.08949628757808255;;;2025-06-05 15:00:00;;2025-06-05 15:00:00;0.0;82352.7890625;287.6816711425781;77.95159149169922;1.812699317932129;0.8301244378089905;500.0;5000.0
BRIANCON_05_AGG_CP;44.89836120605469;6.640040874481201;2025-06-05 16:00:00;0.4749972025553433;True;' ' ' ' ' ' ' ' ' ' ' ';89.94166437784831;176;99;0.0;361.04978642263;1264;asphalte;True;Mur;True;0.4749972025553433;;0.09640602525269257;;;2025-06-05 16:00:00;;2025-06-05 16:00:00;0.0;82364.3203125;287.7074890136719;71.48237609863281;1.9691561460494995;0.9830483198165894;500.0;5000.0
BRIANCON_05_AGG_CP;44.89836120605469;6.640040874481201;2025-06-05 17:00:00;0.29333241780598485;True;' ' ' ' ' ' ' ' ' ' ' ';89.75999959309895;176;99;0.0;361.04978642263;1264;asphalte;True;Mur;True;0.29333241780598485;;0.1003639005399664;;;2025-06-05 17:00:00;;2025-06-05 17:00:00;0.0;82400.921875;287.2762756347656;60.038116455078125;1.9945135116577148;0.9184204936027527;500.0;5000.0
BRIANCON_05_AGG_CP;44.89836120605469;6.640040874481201;2025-06-05 18:00:00;3.1483332316080777;True;' ' ' ' ' ' ' ' ' ' ' ';92.61500040690105;176;99;0.0;361.04978642263;1264;asphalte;True;Mur;True;3.1483332316080777;;0.10456107415448765;;;2025-06-05 18:00:00;;2025-06-05 18:00:00;0.0;82441.421875;286.9112548828125;47.169525146484375;1.9718493223190308;0.8010556697845459;500.0;5000.0
BRIANCON_05_AGG_CP;44.89836120605469;6.640040874481201;2025-06-05 19:00:00;1.2966651916503906;True;' ' ' ' ' ' ' ' ' ' ' ';90.76333236694336;176;99;0.0;361.04978642263;1264;asphalte;True;Mur;True;1.2966651916503906;;0.11426379861820962;;;2025-06-05 19:00:00;;2025-06-05 19:00:00;0.0;82485.578125;286.0086669921875;3.9171435832977295;2.2385847568511963;0.5998610854148865;500.0;5000.0
BRIANCON_05_AGG_CP;44.89836120605469;6.640040874481201;2025-06-05 20:00:00;1.1966667175292969;True;' ' ' ' ' ' ' ' ' ' ' ';90.66333389282227;176;99;0.0;361.04978642263;1264;asphalte;True;Mur;True;1.1966667175292969;;0.1330516751461841;;;2025-06-05 20:00:00;;2025-06-05 20:00:00;0.0;82581.2109375;285.1841735839844;1.07650887966156;2.2242841720581055;0.2937577962875366;500.0;5000.0
BRIANCON_05_AGG_CP;44.89836120605469;6.640040874481201;2025-06-05 21:00:00;1.1583340962727817;True;' ' ' ' ' ' ' ' ' ' ' ';90.62500127156575;176;99;0.0;361.04978642263;1264;asphalte;True;Mur;True;1.1583340962727817;;0.15916313677189625;;;2025-06-05 21:00:00;;2025-06-05 21:00:00;0.0;82634.2734375;284.5797424316406;1.092466115951538;2.0661816596984863;0.24217349290847778;500.0;5000.0
BRIANCON_05_AGG_CP;44.89836120605469;6.640040874481201;2025-06-05 22:00:00;0.07333246866862453;True;' ' ' ' ' ' ' ' ' ' ' ';89.5399996439616;176;99;0.0;361.04978642263;1264;asphalte;True;Mur;True;0.07333246866862453;;0.1908767577590148;;;2025-06-05 22:00:00;;2025-06-05 22:00:00;0.0;82661.671875;283.99798583984375;1.0564748048782349;1.99569571018219;0.392376571893692;500.0;5000.0
BRIANCON_05_AGG_CP;44.89836120605469;6.640040874481201;2025-06-05 23:00:00;2.3183326721191406;True;' ' ' ' ' ' ' ' ' ' ' ';91.78499984741211;176;99;0.0;361.04978642263;1264;asphalte;True;Mur;True;2.3183326721191406;;0.21961548790465357;;;2025-06-05 23:00:00;;2025-06-05 23:00:00;0.0;82673.984375;283.66094970703125;0.9102111458778381;1.8395949602127075;0.5185315608978271;500.0;5000.0
BRIANCON_05_AGG_CP;44.89836120605469;6.640040874481201;2025-06-06 00:00:00;2.3733317057291714;True;' ' ' ' ' ' ' ' ' ' ' ';91.83999888102214;176;99;0.0;361.04978642263;1264;asphalte;True;Mur;True;2.3733317057291714;;0.24084908871978283;;;2025-06-06 00:00:00;;2025-06-06 00:00:00;0.0;82664.234375;283.247314453125;0.8977370262145996;1.6373450756072998;0.4837222397327423;500.0;5000.0
BRIANCON_05_AGG_CP;44.89836120605469;6.640040874481201;2025-06-06 01:00:00;2.7733332316080777;True;' ' ' ' ' ' ' ' ' ' ' ';92.24000040690105;176;99;0.0;361.04978642263;1264;asphalte;True;Mur;True;2.7733332316080777;;0.25196563585572207;;;2025-06-06 01:00:00;;2025-06-06 01:00:00;0.0;82643.6796875;283.04937744140625;0.9840027093887329;1.7278398275375366;0.3969213366508484;500.0;5000.0
BRIANCON_05_AGG_CP;44.89836120605469;6.640040874481201;2025-06-06 02:00:00;2.516667683919266;True;' ' ' ' ' ' ' ' ' ' ' ';91.98333485921223;176;99;0.0;361.04978642263;1264;asphalte;True;Mur;True;2.516667683919266;;0.24859957842293667;;;2025-06-06 02:00:00;;2025-06-06 02:00:00;0.0;82651.1796875;282.6313171386719;0.860429048538208;1.4835577011108398;0.20540156960487366;750.0;1500.0
BRIANCON_05_AGG_CP;44.89836120605469;6.640040874481201;2025-06-06 03:00:00;3.58999888102214;True;' ' ' ' ' ' ' ' ' ' ' ';93.05666605631511;176;99;0.0;361.04978642263;1264;asphalte;True;Mur;True;3.58999888102214;;0.24614031516115298;;;2025-06-06 03:00:00;;2025-06-06 03:00:00;0.0;82668.4609375;282.00787353515625;0.7308908104896545;1.141119360923767;0.3046133816242218;1556.437;1750.0
BRIANCON_05_AGG_CP;44.89836120605469;6.640040874481201;2025-06-06 04:00:00;4.368333180745438;True;' ' ' ' ' ' ' ' ' ' ' ';93.8350003560384;176;99;0.0;361.04978642263;1264;asphalte;True;Mur;True;4.368333180745438;;0.28850171763291493;;;2025-06-06 04:00:00;;2025-06-06 04:00:00;0.0;82684.1484375;281.17193603515625;0.6588999032974243;0.868267297744751;0.1247456967830658;875.0;1500.0
BRIANCON_05_AGG_CP;44.89836120605469;6.640040874481201;2025-06-06 05:00:00;3.254999796549484;True;' ' ' ' ' ' ' ' ' ' ' ';92.72166697184245;176;99;0.0;361.04978642263;1264;asphalte;True;Mur;True;3.254999796549484;;0.3594074500902836;;;2025-06-06 05:00:00;;2025-06-06 05:00:00;0.0;82690.03125;280.40789794921875;0.4308411478996277;0.505298912525177;0.14053428173065186;500.0;5000.0
BRIANCON_05_AGG_CP;44.89836120605469;6.640040874481201;2025-06-06 06:00:00;3.046667734781906;True;' ' ' ' ' ' ' ' ' ' ' ';92.51333491007487;176;99;0.0;361.04978642263;1264;asphalte;True;Mur;True;3.046667734781906;;0.43727389873078615;;;2025-06-06 06:00:00;;2025-06-06 06:00:00;0.0;82675.1328125;280.4613952636719;0.2346034049987793;0.45820119976997375;0.09165237843990326;20.0;35.0
BRIANCON_05_AGG_CP;44.89836120605469;6.640040874481201;2025-06-06 07:00:00;2.9300003051757812;True;' ' ' ' ' ' ' ' ' ' ' ';92.39666748046875;176;99;0.0;361.04978642263;1264;asphalte;True;Mur;True;2.9300003051757812;;0.4085740047069658;;;2025-06-06 07:00:00;;2025-06-06 07:00:00;0.0;82635.8203125;282.15289306640625;0.5223420262336731;0.5334950685501099;0.26133930683135986;500.0;5000.0
BRIANCON_05_AGG_CP;44.89836120605469;6.640040874481201;2025-06-06 08:00:00;2.7416648864746094;True;' ' ' ' ' ' ' ' ' ' ' ';92.20833206176758;176;99;0.0;361.04978642263;1264;asphalte;True;Mur;True;2.7416648864746094;;0.27550883937525056;;;2025-06-06 08:00:00;;2025-06-06 08:00:00;0.0;82596.25;284.06524658203125;5.740571975708008;0.9604282379150391;0.10766804963350296;500.0;5000.0
BRIANCON_05_AGG_CP;44.89836120605469;6.640040874481201;2025-06-06 09:00:00;2.2466646830240933;True;' ' ' ' ' ' ' ' ' ' ' ';91.71333185831706;176;99;0.0;361.04978642263;1264;asphalte;True;Mur;True;2.2466646830240933;;0.20431537321383142;;;2025-06-06 09:00:00;;2025-06-06 09:00:00;0.0;82565.4296875;285.5009765625;17.5446720123291;1.6197471618652344;0.17459644377231598;500.0;5000.0
BRIANCON_05_AGG_CP;44.89836120605469;6.640040874481201;2025-06-06 10:00:00;0.6816673278808594;True;' ' ' ' ' ' ' ' ' ' ' ';90.14833450317383;176;99;0.0;361.04978642263;1264;asphalte;True;Mur;True;0.6816673278808594;;0.13619593734054414;;;2025-06-06 10:00:00;;2025-06-06 10:00:00;0.0;82566.765625;287.0584411621094;61.7125358581543;1.4623775482177734;0.2953629195690155;500.0;5000.0
BRIANCON_05_AGG_CP;44.89836120605469;6.640040874481201;2025-06-06 11:00:00;2.3683319091796875;True;' ' ' ' ' ' ' ' ' ' ' ';91.83499908447266;176;99;0.0;361.04978642263;1264;asphalte;True;Mur;True;2.3683319091796875;;0.08902421036677613;;;2025-06-06 11:00:00;;2025-06-06 11:00:00;0.0;82556.0625;288.82232666015625;80.0128402709961;1.786044955253601;0.39293181896209717;500.0;5000.0
BRIANCON_05_AGG_CP;44.89836120605469;6.640040874481201;2025-06-06 12:00:00;1.901667277018234;True;' ' ' ' ' ' ' ' ' ' ' ';91.3683344523112;176;99;0.0;361.04978642263;1264;asphalte;True;Mur;True;1.901667277018234;;0.08231213562311102;;;2025-06-06 12:00:00;;2025-06-06 12:00:00;0.0;82561.390625;289.318603515625;86.90018463134766;2.0217037200927734;0.22944597899913788;500.0;5000.0
BRIANCON_05_AGG_CP;44.89836120605469;6.640040874481201;2025-06-06 13:00:00;3.025000254313156;True;' ' ' ' ' ' ' ' ' ' ' ';92.49166742960612;176;99;0.0;361.04978642263;1264;asphalte;True;Mur;True;3.025000254313156;;0.08452950863682869;;;2025-06-06 13:00:00;;2025-06-06 13:00:00;0.0;82552.34375;289.279296875;92.66156005859375;1.9939343929290771;0.23896239697933197;500.0;5000.0
BRIANCON_05_AGG_CP;44.89836120605469;6.640040874481201;2025-06-06 14:00:00;3.678333282470703;True;' ' ' ' ' ' ' ' ' ' ' ';93.2183329264323;176;99;0.0;361.04978642263;1264;asphalte;True;Mur;True;3.678333282470703;;0.08816601623578245;;;2025-06-06 14:00:00;;2025-06-06 14:00:00;0.0;82552.6328125;289.3289489746094;90.89212799072266;2.125110387802124;0.28824499249458313;500.0;5000.0
BRIANCON_05_AGG_CP;44.89836120605469;6.640040874481201;2025-06-06 15:00:00;1.1883341471354072;True;' ' ' ' ' ' ' ' ' ' ' ';90.728333791097;176;99;0.0;361.04978642263;1264;asphalte;True;Mur;True;1.1883341471354072;;0.09435795650684572;;;2025-06-06 15:00:00;;2025-06-06 15:00:00;0.0;82563.7265625;289.3027038574219;87.39505767822266;2.0961685180664062;0.4234178066253662;500.0;5000.0
BRIANCON_05_AGG_CP;44.89836120605469;6.640040874481201;2025-06-06 16:00:00;2.4916674296061103;True;' ' ' ' ' ' ' ' ' ' ' ';92.0316670735677;176;99;0.0;361.04978642263;1264;asphalte;True;Mur;True;2.4916674296061103;;0.10220571947366225;;;2025-06-06 16:00:00;;2025-06-06 16:00:00;0.0;82586.828125;289.04736328125;84.33684539794922;1.892242193222046;0.3909665644168854;500.0;5000.0
BRIANCON_05_AGG_CP;44.89836120605469;6.640040874481201;2025-06-06 17:00:00;1.4383328755696567;True;' ' ' ' ' ' ' ' ' ' ' ';90.97833251953125;176;99;0.0;361.04978642263;1264;asphalte;True;Mur;True;1.4383328755696567;;0.10805808152566584;;;2025-06-06 17:00:00;;2025-06-06 17:00:00;0.0;82582.9921875;288.6617126464844;65.49321746826172;1.6467881202697754;0.2917761504650116;500.0;5000.0
BRIANCON_05_AGG_CP;44.89836120605469;6.640040874481201;2025-06-06 18:00:00;1.6716690063476562;True;' ' ' ' ' ' ' ' ' ' ' ';91.21166865030925;176;99;0.0;361.04978642263;1264;asphalte;True;Mur;True;1.6716690063476562;;0.11828319085912392;;;2025-06-06 18:00:00;;2025-06-06 18:00:00;0.0;82613.25;288.09375;51.67226791381836;1.8626230955123901;0.1846255362033844;500.0;5000.0
BRIANCON_05_AGG_CP;44.89836120605469;6.640040874481201;2025-06-06 19:00:00;1.5016670227050781;True;' ' ' ' ' ' ' ' ' ' ' ';91.04166666666667;176;99;0.0;361.04978642263;1264;asphalte;True;Mur;True;1.5016670227050781;;0.14082884028853923;;;2025-06-06 19:00:00;;2025-06-06 19:00:00;0.0;82628.703125;287.2347106933594;1.70625901222229;2.2477593421936035;0.3417274057865143;500.0;5000.0
BRIANCON_05_AGG_CP;44.89836120605469;6.640040874481201;2025-06-06 20:00:00;2.683333079020173;True;' ' ' ' ' ' ' ' ' ' ' ';92.22333272298177;176;99;0.0;361.04978642263;1264;asphalte;True;Mur;True;2.683333079020173;;0.1885576045887287;;;2025-06-06 20:00:00;;2025-06-06 20:00:00;0.0;82671.6796875;286.6421813964844;1.5287026166915894;2.292280912399292;0.22748026251792908;500.0;5000.0
BRIANCON_05_AGG_CP;44.89836120605469;6.640040874481201;2025-06-06 21:00:00;2.1633338928222656;True;' ' ' ' ' ' ' ' ' ' ' ';91.70333353678386;176;99;0.0;361.04978642263;1264;asphalte;True;Mur;True;2.1633338928222656;;0.2500119984085933;;;2025-06-06 21:00:00;;2025-06-06 21:00:00;0.0;82705.1328125;285.8115234375;1.3339388370513916;2.249580144882202;0.12168474495410919;500.0;5000.0
BRIANCON_05_AGG_CP;44.89836120605469;6.640040874481201;2025-06-06 22:00:00;1.2633336385091098;True;' ' ' ' ' ' ' ' ' ' ' ';90.8033332824707;176;99;0.0;361.04978642263;1264;asphalte;True;Mur;True;1.2633336385091098;;0.31928454021293295;;;2025-06-06 22:00:00;;2025-06-06 22:00:00;0.0;82722.6953125;284.9811706542969;1.3792811632156372;2.167722225189209;0.020045597106218338;500.0;5000.0
BRIANCON_05_AGG_CP;44.89836120605469;6.640040874481201;2025-06-06 23:00:00;1.9983304341634067;True;' ' ' ' ' ' ' ' ' ' ' ';92.14666493733723;176;99;0.0;361.04978642263;1264;asphalte;True;Mur;True;1.9983304341634067;;0.377820845898387;;;2025-06-06 23:00:00;;2025-06-06 23:00:00;0.0;82723.515625;284.2015686035156;1.4987537860870361;2.0270872116088867;0.05980806052684784;500.0;5000.0
BRIANCON_05_AGG_CP;44.89836120605469;6.640040874481201;2025-06-07 00:00:00;0.3433329264322964;True;' ' ' ' ' ' ' ' ' ' ' ';90.49166742960612;176;99;0.0;361.04978642263;1264;asphalte;True;Mur;True;0.3433329264322964;;0.41316242419507654;;;2025-06-07 00:00:00;;2025-06-07 00:00:00;0.0;82717.3984375;283.3264465332031;1.5259029865264893;1.7091448307037354;0.12381155043840408;500.0;5000.0
BRIANCON_05_AGG_CP;44.89836120605469;6.640040874481201;2025-06-07 01:00:00;1.919996897379562;True;' ' ' ' ' ' ' ' ' ' ' ';92.06833140055339;176;99;0.0;361.04978642263;1264;asphalte;True;Mur;True;1.919996897379562;;0.4409731369121872;;;2025-06-07 01:00:00;;2025-06-07 01:00:00;0.0;82686.2265625;281.71173095703125;1.7504167556762695;1.7106229066848755;-0.0013247595634311438;500.0;5000.0
BRIANCON_05_AGG_CP;44.89836120605469;6.640040874481201;2025-06-07 02:00:00;1.2266642252604214;True;' ' ' ' ' ' ' ' ' ' ' ';91.37499872843425;176;99;0.0;361.04978642263;1264;asphalte;True;Mur;True;1.2266642252604214;;0.47239277919074174;;;2025-06-07 02:00:00;;2025-06-07 02:00:00;0.0;82678.1875;280.6343994140625;1.7942601442337036;1.515960931777954;0.1121886670589447;500.0;5000.0
BRIANCON_05_AGG_CP;44.89836120605469;6.640040874481201;2025-06-07 03:00:00;2.498332977294922;True;' ' ' ' ' ' ' ' ' ' ' ';92.64666748046875;176;99;0.0;361.04978642263;1264;asphalte;True;Mur;True;2.498332977294922;;0.49441432393472484;;;2025-06-07 03:00:00;;2025-06-07 03:00:00;0.0;82660.484375;280.6168518066406;1.9501429796218872;1.493693470954895;0.2581358253955841;1558.9032;1750.0
BRIANCON_05_AGG_CP;44.89836120605469;6.640040874481201;2025-06-07 04:00:00;2.2466646830240933;True;' ' ' ' ' ' ' ' ' ' ' ';92.39499918619792;176;99;0.0;361.04978642263;1264;asphalte;True;Mur;True;2.2466646830240933;;0.48106045514272056;;;2025-06-07 04:00:00;;2025-06-07 04:00:00;0.0;82648.4375;280.5248718261719;1.708486795425415;0.9218462705612183;0.5377132892608643;1557.919;1750.0
BRIANCON_05_AGG_CP;44.89836120605469;6.640040874481201;2025-06-07 05:00:00;2.083332061767578;True;' ' ' ' ' ' ' ' ' ' '';92.2316665649414;176;99;0.0;361.04978642263;1264;asphalte;True;Mur;True;2.083332061767578;;0.6378169476947693;;;2025-06-07 05:00:00;;2025-06-07 05:00:00;0.8164800405502319;82622.5390625;280.0676574707031;32.84395980834961;0.8944125771522522;0.7344976663589478;625.0;1500.0
BRIANCON_05_AGG_CP;44.89836120605469;6.640040874481201;2025-06-07 06:00:00;3.686664581298828;True;'' '' '' '' '' '';93.83499908447266;176;99;0.0;361.04978642263;1264;asphalte;True;Mur;True;3.686664581298828;;1.6249519308245142;;;2025-06-07 06:00:00;;2025-06-07 06:00:00;0.0;82588.828125;280.332275390625;36.84382629394531;1.6651464700698853;0.4948062598705292;20.0;100.0
BRIANCON_05_AGG_CP;44.89836120605469;6.640040874481201;2025-06-07 07:00:00;3.0;True;'' '' '' '' '' '';93.14833450317383;176;99;0.0;361.04978642263;1264;asphalte;True;Mur;True;3.0;;0.8210385496476569;;;2025-06-07 07:00:00;;2025-06-07 07:00:00;0.0;82546.4765625;282.6323547363281;46.147090911865234;1.770119309425354;0.26217812299728394;500.0;5000.0
BRIANCON_05_AGG_CP;44.89836120605469;6.640040874481201;2025-06-07 08:00:00;3.5399996439615933;True;'' '' '' '' '' '';93.68833414713542;176;99;0.0;361.04978642263;1264;asphalte;True;Mur;True;3.5399996439615933;;0.3958415626531542;;;2025-06-07 08:00:00;;2025-06-07 08:00:00;0.0;82494.6328125;284.8216247558594;64.04336547851562;1.790758490562439;0.021152107045054436;500.0;5000.0
BRIANCON_05_AGG_CP;44.89836120605469;6.640040874481201;2025-06-07 09:00:00;1.1916656494140625;True;'' '' '' '' '' '';91.34000015258789;176;99;0.0;361.04978642263;1264;asphalte;True;Mur;True;1.1916656494140625;;0.2779187036755504;;;2025-06-07 09:00:00;;2025-06-07 09:00:00;0.0;82434.9453125;287.7846374511719;71.25435638427734;1.637086272239685;0.6408566832542419;500.0;5000.0
BRIANCON_05_AGG_CP;44.89836120605469;6.640040874481201;2025-06-07 10:00:00;2.7916653951009067;True;'' '' '' '' '' '';92.93999989827473;176;99;0.0;361.04978642263;1264;asphalte;True;Mur;True;2.7916653951009067;;0.2515050911673991;;;2025-06-07 10:00:00;;2025-06-07 10:00:00;0.0;82429.9296875;288.6349792480469;86.39540100097656;1.8011902570724487;0.8295382857322693;1750.0;3609.918
BRIANCON_05_AGG_CP;44.89836120605469;6.640040874481201;2025-06-07 11:00:00;0.9883321126302036;True;'' '' '' '' '' '';91.47999954223633;176;99;0.0;361.04978642263;1264;asphalte;True;Mur;True;0.9883321126302036;;0.2529429790620874;;;2025-06-07 11:00:00;;2025-06-07 11:00:00;0.0;82427.640625;288.10888671875;88.82719421386719;2.087583303451538;0.6533673405647278;1125.0;3611.1943
BRIANCON_05_AGG_CP;44.89836120605469;6.640040874481201;2025-06-07 12:00:00;0.743333180745438;True;'' '' '' '' '' '';91.23500061035156;176;99;0.0;361.04978642263;1264;asphalte;True;Mur;True;0.743333180745438;;0.25991481915951103;;;2025-06-07 12:00:00;;2025-06-07 12:00:00;0.0;82432.6171875;287.6019592285156;80.07286834716797;1.9692752361297607;0.671032190322876;1000.0;3612.512
BRIANCON_05_AGG_CP;44.89836120605469;6.640040874481201;2025-06-07 13:00:00;1.8599993387857978;True;'' '' '' '' '' '';92.35166676839192;176;99;0.0;361.04978642263;1264;asphalte;True;Mur;True;1.8599993387857978;;0.2553155440971483;;;2025-06-07 13:00:00;;2025-06-07 13:00:00;0.0;82385.59375;288.4504699707031;75.2175064086914;2.2687065601348877;0.6361861228942871;2876.505;3613.479
BRIANCON_05_AGG_CP;44.89836120605469;6.640040874481201;2025-06-07 14:00:00;2.7883338928222656;True;'' '' '' '' '' '';93.28000132242839;176;99;0.0;361.04978642263;1264;asphalte;True;Mur;True;2.7883338928222656;;0.23202026237789664;;;2025-06-07 14:00:00;;2025-06-07 14:00:00;0.0;82369.1015625;288.9503479003906;88.12210845947266;2.1243741512298584;0.6085686087608337;1750.0;2750.0
BRIANCON_05_AGG_CP;44.89836120605469;6.640040874481201;2025-06-07 15:00:00;3.5399983723958286;True;'' '' '' '' '' '';94.03166580200195;176;99;0.0;361.04978642263;1264;asphalte;True;Mur;True;3.5399983723958286;;0.22255888538352808;;;2025-06-07 15:00:00;;2025-06-07 15:00:00;0.0;82364.984375;289.1175537109375;87.8198013305664;2.171165704727173;0.7400967478752136;500.0;5000.0
BRIANCON_05_AGG_CP;44.89836120605469;6.640040874481201;2025-06-07 16:00:00;3.0;True;'' '' '' '' '' '';93.49166742960612;176;99;0.0;361.04978642263;1264;asphalte;True;Mur;True;3.0;;0.210479851321492;;;2025-06-07 16:00:00;;2025-06-07 16:00:00;0.0;82358.7578125;289.0215759277344;82.66195678710938;2.090731143951416;0.7921435236930847;500.0;5000.0
BRIANCON_05_AGG_CP;44.89836120605469;6.640040874481201;2025-06-07 17:00:00;1.1666653951009067;True;'' '' '' '' '' '';91.65833282470703;176;99;0.0;361.04978642263;1264;asphalte;True;Mur;True;1.1666653951009067;;0.2115459906857839;;;2025-06-07 17:00:00;;2025-06-07 17:00:00;0.0;82369.984375;288.8587341308594;71.7525634765625;1.8204177618026733;0.8025941848754883;500.0;5000.0
BRIANCON_05_AGG_CP;44.89836120605469;6.640040874481201;2025-06-07 18:00:00;1.9483324686686245;True;'' '' '' '' '' '';92.26999918619792;176;99;0.0;361.04978642263;1264;asphalte;True;Mur;True;1.9483324686686245;;0.2031218333180089;;;2025-06-07 18:00:00;;2025-06-07 18:00:00;0.0;82397.78125;288.3450927734375;55.34273910522461;1.753415822982788;0.7770782113075256;500.0;5000.0
BRIANCON_05_AGG_CP;44.89836120605469;6.640040874481201;2025-06-07 19:00:00;2.6483332316080777;True;'' '' '' '' '' '';92.96999994913737;176;99;0.0;361.04978642263;1264;asphalte;True;Mur;True;2.6483332316080777;;0.20005382848345063;;;2025-06-07 19:00:00;;2025-06-07 19:00:00;0.0;82400.0625;287.5768737792969;3.224832534790039;2.0599920749664307;0.6551681160926819;500.0;5000.0
BRIANCON_05_AGG_CP;44.89836120605469;6.640040874481201;2025-06-07 20:00:00;2.449998219807938;True;'' '' '' '' '' '';92.77166493733723;176;99;0.0;361.04978642263;1264;asphalte;True;Mur;True;2.449998219807938;;0.21267672681551247;;;2025-06-07 20:00:00;;2025-06-07 20:00:00;0.0;82463.2734375;287.1907043457031;2.430351972579956;2.1912949085235596;0.6389135718345642;500.0;5000.0
BRIANCON_05_AGG_CP;44.89836120605469;6.640040874481201;2025-06-07 21:00:00;3.075000762939453;True;'' '' '' '' '' '';93.39666748046875;176;99;0.0;361.04978642263;1264;asphalte;True;Mur;True;3.075000762939453;;0.23598144922518105;;;2025-06-07 21:00:00;;2025-06-07 21:00:00;0.0;82489.25;286.8750305175781;2.2112057209014893;2.399212598800659;0.6539543271064758;500.0;5000.0
BRIANCON_05_AGG_CP;44.89836120605469;6.640040874481201;2025-06-07 22:00:00;3.3783353169759067;True;'' '' '' '' '' '';93.7000020345052;176;99;0.0;361.04978642263;1264;asphalte;True;Mur;True;3.3783353169759067;;0.2663426364223412;;;2025-06-07 22:00:00;;2025-06-07 22:00:00;0.0;82500.890625;286.4771728515625;1.90408194065094;2.458331346511841;0.706384003162384;500.0;5000.0
BRIANCON_05_AGG_CP;44.89836120605469;6.640040874481201;2025-06-07 23:00:00;1.4149996439615933;True;'' '' '' '' '' '';91.34000015258789;176;99;0.0;361.04978642263;1264;asphalte;True;Mur;True;1.4149996439615933;;0.28964850537580716;;;2025-06-07 23:00:00;;2025-06-07 23:00:00;0.0;82517.484375;285.72357177734375;1.2110382318496704;2.405550003051758;0.5878515243530273;500.0;5000.0
BRIANCON_05_AGG_CP;44.89836120605469;6.640040874481201;2025-06-08 00:00:00;1.2816670735677178;True;'' '' '' '' '' '';91.20666758219402;176;99;0.0;361.04978642263;1264;asphalte;True;Mur;True;1.2816670735677178;;0.30808471008711424;;;2025-06-08 00:00:00;;2025-06-08 00:00:00;0.0;82496.875;284.8380432128906;1.3005162477493286;2.438436985015869;0.4326276481151581;500.0;5000.0
BRIANCON_05_AGG_CP;44.89836120605469;6.640040874481201;2025-06-08 01:00:00;2.4616661071777344;True;'' '' '' '' '' '';92.38666661580403;176;99;0.0;361.04978642263;1264;asphalte;True;Mur;True;2.4616661071777344;;0.3158364683068099;;;2025-06-08 01:00:00;;2025-06-08 01:00:00;0.0;82494.7734375;284.7650451660156;1.4126991033554077;2.61318039894104;0.1090182214975357;500.0;5000.0
BRIANCON_05_AGG_CP;44.89836120605469;6.640040874481201;2025-06-08 02:00:00;2.48666636149089;True;'' '' '' '' '' '';92.41166687011719;176;99;0.0;361.04978642263;1264;asphalte;True;Mur;True;2.48666636149089;;0.31091584385203874;;;2025-06-08 02:00:00;;2025-06-08 02:00:00;0.0;82487.140625;283.34381103515625;1.3531291484832764;2.1267781257629395;-0.17449894547462463;500.0;5000.0
BRIANCON_05_AGG_CP;44.89836120605469;6.640040874481201;2025-06-08 03:00:00;2.061664581298828;True;'' '' '' '' '' '';91.98666508992513;176;99;0.0;361.04978642263;1264;asphalte;True;Mur;True;2.061664581298828;;0.32274139415665315;;;2025-06-08 03:00:00;;2025-06-08 03:00:00;0.0;82488.890625;280.8260498046875;1.3544350862503052;1.3957931995391846;-0.9569879770278931;500.0;5000.0
BRIANCON_05_AGG_CP;44.89836120605469;6.640040874481201;2025-06-08 04:00:00;2.8600006103515625;True;'' '' '' '' '' '';92.78500111897786;176;99;0.0;361.04978642263;1264;asphalte;True;Mur;True;2.8600006103515625;;0.37006935601872903;;;2025-06-08 04:00:00;;2025-06-08 04:00:00;0.0;82522.6328125;278.80084228515625;0.5825954079627991;0.5190536379814148;-0.0981471836566925;500.0;5000.0
BRIANCON_05_AGG_CP;44.89836120605469;6.640040874481201;2025-06-08 05:00:00;2.2500012715657647;True;'' '' '' '' '' '';92.17500178019206;176;99;0.0;361.04978642263;1264;asphalte;True;Mur;True;2.2500012715657647;;0.4280466606165767;;;2025-06-08 05:00:00;;2025-06-08 05:00:00;0.0;82535.859375;279.8283386230469;0.41667523980140686;-0.3389938473701477;0.2615451216697693;500.0;5000.0
BRIANCON_05_AGG_CP;44.89836120605469;6.640040874481201;2025-06-08 06:00:00;1.9683341979980469;True;'' '' '' '' '' '';91.89333470662434;176;99;0.0;361.04978642263;1264;asphalte;True;Mur;True;1.9683341979980469;;0.45602335384427317;;;2025-06-08 06:00:00;;2025-06-08 06:00:00;0.0;82512.0546875;281.4190673828125;0.4373130202293396;-0.05065257102251053;0.33989545702934265;500.0;5000.0
BRIANCON_05_AGG_CP;44.89836120605469;6.640040874481201;2025-06-08 07:00:00;1.5099995930989678;True;'' '' '' '' '' '';91.43500010172527;176;99;0.0;361.04978642263;1264;asphalte;True;Mur;True;1.5099995930989678;;0.35557211472067585;;;2025-06-08 07:00:00;;2025-06-08 07:00:00;0.0;82442.03125;283.5824279785156;14.511472702026367;-0.48130595684051514;-0.2272671014070511;500.0;5000.0
BRIANCON_05_AGG_CP;44.89836120605469;6.640040874481201;2025-06-08 08:00:00;1.4733314514160156;True;'' '' '' '' '' '';91.39833196004231;176;99;0.0;361.04978642263;1264;asphalte;True;Mur;True;1.4733314514160156;;0.18769879449537577;;;2025-06-08 08:00:00;;2025-06-08 08:00:00;0.0;82368.2421875;285.7615966796875;47.21846008300781;-0.6343571543693542;-0.5634666085243225;500.0;5000.0
BRIANCON_05_AGG_CP;44.89836120605469;6.640040874481201;2025-06-08 09:00:00;3.034998575846359;True;'' '' '' '' '' '';92.95999908447266;176;99;0.0;361.04978642263;1264;asphalte;True;Mur;True;3.034998575846359;;0.10169962406394138;;;2025-06-08 09:00:00;;2025-06-08 09:00:00;0.0;82341.0390625;287.6183166503906;62.06305694580078;-1.2157219648361206;-0.43975934386253357;500.0;5000.0
BRIANCON_05_AGG_CP;44.89836120605469;6.640040874481201;2025-06-08 10:00:00;1.8483327229817803;True;'' '' '' '' '' '';91.77333323160808;176;99;0.0;361.04978642263;1264;asphalte;True;Mur;True;1.8483327229817803;;0.07163496480570332;;;2025-06-08 10:00:00;;2025-06-08 10:00:00;0.0;82384.390625;288.306640625;78.05387115478516;-1.7447997331619263;-0.13213685154914856;500.0;5000.0
BRIANCON_05_AGG_CP;44.89836120605469;6.640040874481201;2025-06-08 11:00:00;1.8050003051757812;True;'' '' '' '' '' '';91.73000081380208;176;99;0.0;361.04978642263;1264;asphalte;True;Mur;True;1.8050003051757812;;0.06537579925656144;;;2025-06-08 11:00:00;;2025-06-08 11:00:00;0.0;82408.75;288.57537841796875;76.47053527832031;-2.0431833267211914;-0.32314062118530273;500.0;5000.0
BRIANCON_05_AGG_CP;44.89836120605469;6.640040874481201;2025-06-08 12:00:00;1.734999338785812;True;'' '' '' '' '' '';91.65999984741211;176;99;0.0;361.04978642263;1264;asphalte;True;Mur;True;1.734999338785812;;0.057293866916399705;;;2025-06-08 12:00:00;;2025-06-08 12:00:00;0.0;82428.7421875;288.9009704589844;80.94133758544922;-2.0404863357543945;-0.4134323000907898;500.0;5000.0
BRIANCON_05_AGG_CP;44.89836120605469;6.640040874481201;2025-06-08 13:00:00;1.5100008646647183;True;'' '' '' '' '' '';91.43500137329102;176;99;0.0;361.04978642263;1264;asphalte;True;Mur;True;1.5100008646647183;;0.04566540932015011;;;2025-06-08 13:00:00;;2025-06-08 13:00:00;0.0;82431.4140625;289.7220764160156;79.4087905883789;-1.938555121421814;0.06751218438148499;500.0;5000.0
BRIANCON_05_AGG_CP;44.89836120605469;6.640040874481201;2025-06-08 14:00:00;0.7166671752929688;True;'' '' '' '' '' '';90.64166768391927;176;99;0.0;361.04978642263;1264;asphalte;True;Mur;True;0.7166671752929688;;0.0396174914163612;;;2025-06-08 14:00:00;;2025-06-08 14:00:00;0.0;82460.6484375;289.55426025390625;75.86663818359375;-2.2672488689422607;-0.24029606580734253;500.0;5000.0
BRIANCON_05_AGG_CP;44.89836120605469;6.640040874481201;2025-06-08 15:00:00;1.7299995422363281;True;'' '' '' '' '' '';91.65500005086263;176;99;0.0;361.04978642263;1264;asphalte;True;Mur;True;1.7299995422363281;;0.04077226837401193;;;2025-06-08 15:00:00;;2025-06-08 15:00:00;0.0;82495.5234375;288.8881530761719;72.76786804199219;-2.488523483276367;-0.696711540222168;500.0;5000.0
BRIANCON_05_AGG_CP;44.89836120605469;6.640040874481201;2025-06-08 16:00:00;0.8033320109049527;True;'' '' '' '' '' '';90.72833251953125;176;99;0.0;361.04978642263;1264;asphalte;True;Mur;True;0.8033320109049527;;0.04524332263813793;;;2025-06-08 16:00:00;;2025-06-08 16:00:00;0.0;82540.890625;288.17669677734375;63.29241943359375;-2.781287431716919;-0.6674110293388367;500.0;5000.0
BRIANCON_05_AGG_CP;44.89836120605469;6.640040874481201;2025-06-08 17:00:00;0.39666620890299953;True;'' '' '' '' '' '';90.3216667175293;176;99;0.0;361.04978642263;1264;asphalte;True;Mur;True;0.39666620890299953;;0.05227357853217554;;;2025-06-08 17:00:00;;2025-06-08 17:00:00;0.0;82589.71875;287.56781005859375;55.7776985168457;-2.7620062828063965;-0.6935142278671265;500.0;5000.0
BRIANCON_05_AGG_CP;44.89836120605469;6.640040874481201;2025-06-08 18:00:00;1.0783322652181084;True;'' '' '' '' '' '';91.0033327738444;176;99;0.0;361.04978642263;1264;asphalte;True;Mur;True;1.0783322652181084;;0.058752240133510755;;;2025-06-08 18:00:00;;2025-06-08 18:00:00;0.0;82666.1875;286.9839782714844;44.72752380371094;-2.735006809234619;-0.5670375227928162;500.0;5000.0
BRIANCON_05_AGG_CP;44.89836120605469;6.640040874481201;2025-06-08 19:00:00;1.426666259765625;True;'' '' '' '' '' '';91.35166676839192;176;99;0.0;361.04978642263;1264;asphalte;True;Mur;True;1.426666259765625;;0.06418389989415116;;;2025-06-08 19:00:00;;2025-06-08 19:00:00;0.0;82688.5;286.89935302734375;38.09634780883789;-2.6915946006774902;-0.04573490098118782;500.0;5000.0
BRIANCON_05_AGG_CP;44.89836120605469;6.640040874481201;2025-06-08 20:00:00;1.129999796549484;True;'' '' '' '' '' '';91.05500030517578;176;99;0.0;361.04978642263;1264;asphalte;True;Mur;True;1.129999796549484;;0.07318291480630512;;;2025-06-08 20:00:00;;2025-06-08 20:00:00;0.0;82769.5390625;286.3055419921875;29.155597686767578;-2.846553325653076;0.09274698793888092;500.0;5000.0
BRIANCON_05_AGG_CP;44.89836120605469;6.640040874481201;2025-06-08 21:00:00;0.5650011698404995;True;'' '' '' '' '' '';90.4900016784668;176;99;0.0;361.04978642263;1264;asphalte;True;Mur;True;0.5650011698404995;;0.08511523395273411;;;2025-06-08 21:00:00;;2025-06-08 21:00:00;0.0;82811.4765625;285.75390625;12.564295768737793;-2.5710437297821045;-0.019749827682971954;500.0;5000.0
BRIANCON_05_AGG_CP;44.89836120605469;6.640040874481201;2025-06-08 22:00:00;0.0;True;'' '' '' '' '' '';89.9250005086263;176;99;0.0;361.04978642263;1264;asphalte;True;Mur;True;0.0;;0.10068725028538304;;;2025-06-08 22:00:00;;2025-06-08 22:00:00;0.0;82852.9140625;285.5346984863281;8.993330955505371;-2.220156669616699;-0.4058060348033905;500.0;5000.0
BRIANCON_05_AGG_CP;44.89836120605469;6.640040874481201;2025-06-08 23:00:00;2.0483334859212334;True;'' '' '' '' '' '';91.97333399454753;176;99;0.0;361.04978642263;1264;asphalte;True;Mur;True;2.0483334859212334;;0.11505530415120008;;;2025-06-08 23:00:00;;2025-06-08 23:00:00;0.0;82876.703125;285.1262512207031;6.484219074249268;-2.036345958709717;-0.5829381346702576;500.0;5000.0
BRIANCON_05_AGG_CP;44.89836120605469;6.640040874481201;2025-06-09 00:00:00;1.0849990844726562;True;'' '' '' '' '' '';91.00999959309895;176;99;0.0;361.04978642263;1264;asphalte;True;Mur;True;1.0849990844726562;;0.13371608507950494;;;2025-06-09 00:00:00;;2025-06-09 00:00:00;0.0;82855.0390625;284.9112854003906;4.998704433441162;-1.714843511581421;-0.4367838501930237;500.0;5000.0
BRIANCON_05_AGG_CP;44.89836120605469;6.640040874481201;2025-06-09 01:00:00;1.1483332316080777;True;'' '' '' '' '' '';91.07333374023438;176;99;0.0;361.04978642263;1264;asphalte;True;Mur;True;1.1483332316080777;;0.17601509849250394;;;2025-06-09 01:00:00;;2025-06-09 01:00:00;0.0;82874.65625;283.24853515625;2.067023992538452;-1.3020336627960205;-0.7955591678619385;500.0;5000.0
BRIANCON_05_AGG_CP;44.89836120605469;6.640040874481201;2025-06-09 02:00:00;2.311665852864593;True;'' '' '' '' '' '';92.23666636149089;176;99;0.0;361.04978642263;1264;asphalte;True;Mur;True;2.311665852864593;;0.2532713540845735;;;2025-06-09 02:00:00;;2025-06-09 02:00:00;0.0;82855.1640625;281.7693176269531;1.742754340171814;-1.2082043886184692;-0.7277845144271851;500.0;5000.0
BRIANCON_05_AGG_CP;44.89836120605469;6.640040874481201;2025-06-09 03:00:00;2.448333740234375;True;'' '' '' '' '' '';92.37333424886067;176;99;0.0;361.04978642263;1264;asphalte;True;Mur;True;2.448333740234375;;0.2975881260164348;;;2025-06-09 03:00:00;;2025-06-09 03:00:00;0.0;82848.796875;281.43109130859375;1.8631374835968018;-1.0211493968963623;-0.3793479800224304;500.0;5000.0
BRIANCON_05_AGG_CP;44.89836120605469;6.640040874481201;2025-06-09 04:00:00;3.1266657511393277;True;'' '' '' '' '' '';93.05166625976562;176;99;0.0;361.04978642263;1264;asphalte;True;Mur;True;3.1266657511393277;;0.32427456715927033;;;2025-06-09 04:00:00;;2025-06-09 04:00:00;0.0;82844.234375;281.3570251464844;1.8498741388320923;-1.0017465353012085;-0.28356224298477173;500.0;5000.0
BRIANCON_05_AGG_CP;44.89836120605469;6.640040874481201;2025-06-09 05:00:00;2.3316663106282647;True;'' '' '' '' '' '';92.25666681925456;176;99;0.0;361.04978642263;1264;asphalte;True;Mur;True;2.3316663106282647;;0.3560127046680142;;;2025-06-09 05:00:00;;2025-06-09 05:00:00;0.0;82843.5234375;281.4101257324219;1.7602922916412354;-0.8121094703674316;-0.34879541397094727;500.0;5000.0
BRIANCON_05_AGG_CP;44.89836120605469;6.640040874481201;2025-06-09 06:00:00;3.6199989318847656;True;'' '' '' '' '' '';93.54499944051106;176;99;0.0;361.04978642263;1264;asphalte;True;Mur;True;3.6199989318847656;;0.39312271699672857;;;2025-06-09 06:00:00;;2025-06-09 06:00:00;0.0;82826.4296875;282.18048095703125;1.4887281656265259;-0.6581419706344604;-0.5038829445838928;500.0;5000.0
BRIANCON_05_AGG_CP;44.89836120605469;6.640040874481201;2025-06-09 07:00:00;1.3999989827474053;True;'' '' '' '' '' '';91.3249994913737;176;99;0.0;361.04978642263;1264;asphalte;True;Mur;True;1.3999989827474053;;0.4453913800273046;;;2025-06-09 07:00:00;;2025-06-09 07:00:00;0.0;82827.3984375;282.5570068359375;1.1134103536605835;-0.3869578242301941;-0.22121627628803253;500.0;5000.0
BRIANCON_05_AGG_CP;44.89836120605469;6.640040874481201;2025-06-09 08:00:00;1.5349998474121094;True;'' '' '' '' '' '';91.4600003560384;176;99;0.0;361.04978642263;1264;asphalte;True;Mur;True;1.5349998474121094;;0.36270410503150274;;;2025-06-09 08:00:00;;2025-06-09 08:00:00;0.0;82761.6171875;285.8482666015625;4.433384895324707;-0.24525980651378632;-0.2830006182193756;500.0;5000.0
BRIANCON_05_AGG_CP;44.89836120605469;6.640040874481201;2025-06-09 09:00:00;0.7699991861979214;True;'' '' '' '' '' '';90.69499969482422;176;99;0.0;361.04978642263;1264;asphalte;True;Mur;True;0.7699991861979214;;0.18922169739291408;;;2025-06-09 09:00:00;;2025-06-09 09:00:00;0.0;82735.0859375;288.4007263183594;21.518754959106445;-0.11704526096582413;-0.4154391586780548;500.0;5000.0
BRIANCON_05_AGG_CP;44.89836120605469;6.640040874481201;2025-06-09 10:00:00;3.351665496826172;True;'' '' '' '' '' '';93.27666600545247;176;99;0.0;361.04978642263;1264;asphalte;True;Mur;True;3.351665496826172;;0.13260060774010138;;;2025-06-09 10:00:00;;2025-06-09 10:00:00;0.0;82709.6875;290.3558349609375;35.415687561035156;0.17485319077968597;-0.28076282143592834;500.0;5000.0
BRIANCON_05_AGG_CP;44.89836120605469;6.640040874481201;2025-06-09 11:00:00;1.1133333841959683;True;'' '' '' '' '' '';91.03833389282227;176;99;0.0;361.04978642263;1264;asphalte;True;Mur;True;1.1133333841959683;;0.1165911117650964;;;2025-06-09 11:00:00;;2025-06-09 11:00:00;0.0;82692.6171875;291.7455749511719;46.08157730102539;1.0054734945297241;-0.014876337721943855;500.0;5000.0
BRIANCON_05_AGG_CP;44.89836120605469;6.640040874481201;2025-06-09 12:00:00;2.426666259765625;True;'' '' '' '' '' '';92.35166676839192;176;99;0.0;361.04978642263;1264;asphalte;True;Mur;True;2.426666259765625;;0.13133722625083277;;;2025-06-09 12:00:00;;2025-06-09 12:00:00;0.0;82676.171875;292.8348388671875;70.9160385131836;1.6103888750076294;0.07118763029575348;500.0;5000.0
BRIANCON_05_AGG_CP;44.89836120605469;6.640040874481201;2025-06-09 13:00:00;2.7666676839192803;True;'' '' '' '' '' '';92.69166819254558;176;99;0.0;361.04978642263;1264;asphalte;True;Mur;True;2.7666676839192803;;0.18857829116617972;;;2025-06-09 13:00:00;;2025-06-09 13:00:00;0.0;82674.9296875;293.4106140136719;75.35166931152344;2.013643503189087;0.3157055675983429;500.0;5000.0
BRIANCON_05_AGG_CP;44.89836120605469;6.640040874481201;2025-06-09 14:00:00;1.2983334859212334;True;'' '' '' '' '' '';91.22333399454753;176;99;0.0;361.04978642263;1264;asphalte;True;Mur;True;1.2983334859212334;;0.1866471942822169;;;2025-06-09 14:00:00;;2025-06-09 14:00:00;0.0;82689.6484375;293.3067626953125;80.1628646850586;2.2056500911712646;0.3999827802181244;500.0;5000.0
BRIANCON_05_AGG_CP;44.89836120605469;6.640040874481201;2025-06-09 15:00:00;3.086664835611984;True;'' '' '' '' '' '';93.01166534423828;176;99;0.0;361.04978642263;1264;asphalte;True;Mur;True;3.086664835611984;;0.1395170966061142;;;2025-06-09 15:00:00;;2025-06-09 15:00:00;0.0;82710.828125;293.0533142089844;76.37157440185547;2.1919755935668945;0.16411568224430084;500.0;5000.0
BRIANCON_05_AGG_CP;44.89836120605469;6.640040874481201;2025-06-09 16:00:00;0.7400004069010464;True;'' '' '' '' '' '';90.66500091552734;176;99;0.0;361.04978642263;1264;asphalte;True;Mur;True;0.7400004069010464;;0.13246329082445066;;;2025-06-09 16:00:00;;2025-06-09 16:00:00;0.0;82741.7734375;292.54205322265625;69.99199676513672;2.189307689666748;-0.06148944050073624;500.0;5000.0
BRIANCON_05_AGG_CP;44.89836120605469;6.640040874481201;2025-06-09 17:00:00;1.3066673278808594;True;'' '' '' '' '' '';91.23166783650716;176;99;0.0;361.04978642263;1264;asphalte;True;Mur;True;1.3066673278808594;;0.1444534433476391;;;2025-06-09 17:00:00;;2025-06-09 17:00:00;0.0;82777.1484375;291.90020751953125;59.486507415771484;2.0963335037231445;-0.3731693625450134;500.0;5000.0
BRIANCON_05_AGG_CP;44.89836120605469;6.640040874481201;2025-06-09 18:00:00;1.0500005086263116;True;'' '' '' '' '' '';90.97500101725261;176;99;0.0;361.04978642263;1264;asphalte;True;Mur;True;1.0500005086263116;;0.15591822266885352;;;2025-06-09 18:00:00;;2025-06-09 18:00:00;0.0;82840.8203125;290.9751892089844;38.4208869934082;1.9545555114746094;-0.6464653015136719;500.0;5000.0
BRIANCON_05_AGG_CP;44.89836120605469;6.640040874481201;2025-06-09 19:00:00;1.1599998474121094;True;'' '' '' '' '' '';91.0850003560384;176;99;0.0;361.04978642263;1264;asphalte;True;Mur;True;1.1599998474121094;;0.17268658427044628;;;2025-06-09 19:00:00;;2025-06-09 19:00:00;0.0;82899.1796875;289.3173828125;3.651052474975586;1.9258465766906738;-0.16548395156860352;500.0;5000.0
BRIANCON_05_AGG_CP;44.89836120605469;6.640040874481201;2025-06-09 20:00:00;2.6949996948242188;True;'' '' '' '' '' '';92.62000020345052;176;99;0.0;361.04978642263;1264;asphalte;True;Mur;True;2.6949996948242188;;0.205933073328321;;;2025-06-09 20:00:00;;2025-06-09 20:00:00;0.0;82990.203125;288.1104736328125;0.6459415555000305;1.6904783248901367;0.11277437210083008;500.0;5000.0
BRIANCON_05_AGG_CP;44.89836120605469;6.640040874481201;2025-06-09 21:00:00;2.8049977620442803;True;'' '' '' '' '' '';92.72999827067058;176;99;0.0;361.04978642263;1264;asphalte;True;Mur;True;2.8049977620442803;;0.27514684866440653;;;2025-06-09 21:00:00;;2025-06-09 21:00:00;0.0;83038.2890625;287.2772521972656;0.5744519829750061;1.3687163591384888;0.5187560319900513;500.0;5000.0
BRIANCON_05_AGG_CP;44.89836120605469;6.640040874481201;2025-06-09 22:00:00;1.7383333841959683;True;'' '' '' '' '' '';91.66333389282227;176;99;0.0;361.04978642263;1264;asphalte;True;Mur;True;1.7383333841959683;;0.4119252302540316;;;2025-06-09 22:00:00;;2025-06-09 22:00:00;0.0;83070.671875;286.33917236328125;0.3664757311344147;0.977297306060791;0.6757615208625793;500.0;5000.0
BRIANCON_05_AGG_CP;44.89836120605469;6.640040874481201;2025-06-09 23:00:00;1.2166659037272183;True;'' '' '' '' '' '';91.88166681925456;176;99;0.0;361.04978642263;1264;asphalte;True;Mur;True;1.2166659037272183;;0.6171650105031568;;;2025-06-09 23:00:00;;2025-06-09 23:00:00;0.0;83087.6953125;284.9424743652344;0.3721944987773895;0.663468599319458;0.722226083278656;500.0;5000.0
BRIANCON_05_AGG_CP;44.89836120605469;6.640040874481201;2025-06-10 00:00:00;2.326665242513016;True;'' '' '' '' '' '';92.99166615804036;176;99;0.0;361.04978642263;1264;asphalte;True;Mur;True;2.326665242513016;;0.8101925380588071;;;2025-06-10 00:00:00;;2025-06-10 00:00:00;0.0;83096.1328125;283.73944091796875;0.5548018217086792;0.11287443339824677;0.549517035484314;500.0;5000.0
BRIANCON_05_AGG_CP;44.89836120605469;6.640040874481201;2025-06-10 01:00:00;0.8116671244303433;True;'' '' '' '' '' '';91.47666803995769;176;99;0.0;361.04978642263;1264;asphalte;True;Mur;True;0.8116671244303433;;0.9660672652470059;;;2025-06-10 01:00:00;;2025-06-10 01:00:00;0.0;83089.640625;282.4472961425781;0.5989428162574768;-0.3224022388458252;0.14370015263557434;500.0;5000.0
BRIANCON_05_AGG_CP;44.89836120605469;6.640040874481201;2025-06-10 02:00:00;2.1149978637695312;True;'' '' '' '' '' '';92.77999877929688;176;99;0.0;361.04978642263;1264;asphalte;True;Mur;True;2.1149978637695312;;1.1055518805112852;;;2025-06-10 02:00:00;;2025-06-10 02:00:00;0.0;83072.171875;282.01171875;0.6584804058074951;-0.2628730833530426;0.12413030862808228;500.0;5000.0
BRIANCON_05_AGG_CP;44.89836120605469;6.640040874481201;2025-06-10 03:00:00;3.0216662089029995;True;'' '' '' '' '' '';93.68666712443034;176;99;0.0;361.04978642263;1264;asphalte;True;Mur;True;3.0216662089029995;;1.2114791591785745;;;2025-06-10 03:00:00;;2025-06-10 03:00:00;0.0;83065.40625;281.71490478515625;0.7552750706672668;-0.12711787223815918;0.09221139550209045;500.0;5000.0
BRIANCON_05_AGG_CP;44.89836120605469;6.640040874481201;2025-06-10 04:00:00;1.5999997456868442;True;'' '' '' '' '' '';92.26500066121419;176;99;0.0;361.04978642263;1264;asphalte;True;Mur;True;1.5999997456868442;;1.2738123056355022;;;2025-06-10 04:00:00;;2025-06-10 04:00:00;0.0;83056.953125;281.4902648925781;0.7053998708724976;-0.1492990106344223;0.2305339127779007;500.0;5000.0
BRIANCON_05_AGG_CP;44.89836120605469;6.640040874481201;2025-06-10 05:00:00;3.2199999491373745;True;'' '' '' '' '' '';93.88500086466472;176;99;0.0;361.04978642263;1264;asphalte;True;Mur;True;3.2199999491373745;;1.3044946958577774;;;2025-06-10 05:00:00;;2025-06-10 05:00:00;0.0;83054.078125;281.42132568359375;0.6176481246948242;-0.24776090681552887;0.06395925581455231;500.0;5000.0
BRIANCON_05_AGG_CP;44.89836120605469;6.640040874481201;2025-06-10 06:00:00;2.0733324686686245;True;'' '' '' '' '' '';92.73833338419597;176;99;0.0;361.04978642263;1264;asphalte;True;Mur;True;2.0733324686686245;;1.3140469181521786;;;2025-06-10 06:00:00;;2025-06-10 06:00:00;0.0;83023.34375;281.9550476074219;0.5883902311325073;-0.30679985880851746;-0.05423179268836975;500.0;5000.0
BRIANCON_05_AGG_CP;44.89836120605469;6.640040874481201;2025-06-10 07:00:00;3.5916659037272183;True;'' '' '' '' '' '';94.25666681925456;176;99;0.0;361.04978642263;1264;asphalte;True;Mur;True;3.5916659037272183;;1.2141570951765268;;;2025-06-10 07:00:00;;2025-06-10 07:00:00;0.0;82958.8359375;284.18731689453125;0.444383442401886;-0.004177913069725037;-0.14448295533657074;500.0;5000.0
BRIANCON_05_AGG_CP;44.89836120605469;6.640040874481201;2025-06-10 08:00:00;2.266667683919266;True;'' '' '' '' '' '';92.93166859944661;176;99;0.0;361.04978642263;1264;asphalte;True;Mur;True;2.266667683919266;;0.9935652886365609;;;2025-06-10 08:00:00;;2025-06-10 08:00:00;0.0;82881.6328125;286.6973571777344;4.435020446777344;0.15151314437389374;-0.43846002221107483;500.0;5000.0
BRIANCON_05_AGG_CP;44.89836120605469;6.640040874481201;2025-06-10 09:00:00;2.493333180745438;True;'' '' '' '' '' '';93.15833409627278;176;99;0.0;361.04978642263;1264;asphalte;True;Mur;True;2.493333180745438;;0.7422410830491138;;;2025-06-10 09:00:00;;2025-06-10 09:00:00;0.0;82847.90625;289.0816650390625;28.035371780395508;0.6301918029785156;-0.3398735225200653;500.0;5000.0
BRIANCON_05_AGG_CP;44.89836120605469;6.640040874481201;2025-06-10 10:00:00;2.6483332316080777;True;'' '' '' '' '' '';93.31333414713542;176;99;0.0;361.04978642263;1264;asphalte;True;Mur;True;2.6483332316080777;;0.471397286440009;;;2025-06-10 10:00:00;;2025-06-10 10:00:00;0.0;82822.328125;291.085205078125;54.12343978881836;1.100387692451477;-0.23221875727176666;500.0;5000.0
BRIANCON_05_AGG_CP;44.89836120605469;6.640040874481201;2025-06-10 11:00:00;2.0949974060058594;True;'' '' '' '' '' '';92.7599983215332;176;99;0.0;361.04978642263;1264;asphalte;True;Mur;True;2.0949974060058594;;0.2880151927500338;;;2025-06-10 11:00:00;;2025-06-10 11:00:00;0.0;82797.2109375;292.76983642578125;70.68743133544922;1.3948124647140503;0.2632383108139038;500.0;5000.0
BRIANCON_05_AGG_CP;44.89836120605469;6.640040874481201;2025-06-10 12:00:00;3.3066673278808594;True;'' '' '' '' '' '';93.9716682434082;176;99;0.0;361.04978642263;1264;asphalte;True;Mur;True;3.3066673278808594;;0.19703255140727377;;;2025-06-10 12:00:00;;2025-06-10 12:00:00;0.0;82755.71875;293.7334899902344;73.91706085205078;1.5676718950271606;0.7168221473693848;500.0;5000.0
BRIANCON_05_AGG_CP;44.89836120605469;6.640040874481201;2025-06-10 13:00:00;1.2483329772949219;True;'' '' '' '' '' '';91.91333389282227;176;99;0.0;361.04978642263;1264;asphalte;True;Mur;True;1.2483329772949219;;0.16029360456158714;;;2025-06-10 13:00:00;;2025-06-10 13:00:00;0.0;82729.046875;294.2864685058594;80.64151000976562;1.5905663967132568;0.8581503629684448;500.0;5000.0
BRIANCON_05_AGG_CP;44.89836120605469;6.640040874481201;2025-06-10 14:00:00;2.0449981689453125;True;'' '' '' '' '' '';92.70999908447266;176;99;0.0;361.04978642263;1264;asphalte;True;Mur;True;2.0449981689453125;;0.1348579085316999;;;2025-06-10 14:00:00;;2025-06-10 14:00:00;0.0;82739.2578125;294.47174072265625;76.0904312133789;0.5298691391944885;1.4957653284072876;500.0;5000.0
BRIANCON_05_AGG_CP;44.89836120605469;6.640040874481201;2025-06-10 15:00:00;2.4549967447916714;True;'' '' '' '' '' '';93.11999766031902;176;99;0.0;361.04978642263;1264;asphalte;True;Mur;True;2.4549967447916714;;0.11334144072502189;;;2025-06-10 15:00:00;;2025-06-10 15:00:00;0.0;82752.8125;294.0019836425781;70.99174499511719;-0.12631836533546448;1.483023762702942;500.0;5000.0
BRIANCON_05_AGG_CP;44.89836120605469;6.640040874481201;2025-06-10 16:00:00;2.304999033610031;True;'' '' '' '' '' '';92.96999994913737;176;99;0.0;361.04978642263;1264;asphalte;True;Mur;True;2.304999033610031;;0.11126901402211745;;;2025-06-10 16:00:00;;2025-06-10 16:00:00;0.0;82766.4765625;293.6199645996094;63.46668243408203;-0.3454843759536743;1.4303803443908691;500.0;5000.0
BRIANCON_05_AGG_CP;44.89836120605469;6.640040874481201;2025-06-10 17:00:00;1.8099988301595005;True;'' '' '' '' '' '';92.78499984741211;176;99;0.0;361.04978642263;1264;asphalte;True;Mur;True;1.8099988301595005;;0.1146499521297202;;;2025-06-10 17:00:00;;2025-06-10 17:00:00;0.0;82792.0234375;293.02752685546875;47.4989013671875;-0.6074371337890625;1.2325057983398438;500.0;5000.0
BRIANCON_05_AGG_CP;44.89836120605469;6.640040874481201;2025-06-10 18:00:00;2.964998881022126;True;'' '' '' '' '' '';93.93999989827473;176;99;0.0;361.04978642263;1264;asphalte;True;Mur;True;2.964998881022126;;0.12423422886135085;;;2025-06-10 18:00:00;;2025-06-10 18:00:00;0.0;82847.6328125;292.1707458496094;30.479345321655273;-1.1639232635498047;0.6157097220420837;500.0;5000.0
BRIANCON_05_AGG_CP;44.89836120605469;6.640040874481201;2025-06-10 19:00:00;1.293332417805999;True;'' '' '' '' '' '';92.3783327738444;176;99;0.0;361.04978642263;1264;asphalte;True;Mur;True;1.293332417805999;;0.1346072545419484;;;2025-06-10 19:00:00;;2025-06-10 19:00:00;0.0;82854.625;291.21728515625;1.9431191682815552;-0.3464546203613281;-0.015472068451344967;500.0;5000.0
BRIANCON_05_AGG_CP;44.89836120605469;6.640040874481201;2025-06-10 20:00:00;3.4866676330566406;True;'' '' '' '' '' '';94.83000055948894;176;99;0.0;361.04978642263;1264;asphalte;True;Mur;True;3.4866676330566406;;0.1596671159545017;;;2025-06-10 20:00:00;;2025-06-10 20:00:00;0.0;82934.7421875;290.31341552734375;0.8480550050735474;-0.32801172137260437;0.08239226043224335;500.0;5000.0
BRIANCON_05_AGG_CP;44.89836120605469;6.640040874481201;2025-06-10 21:00:00;1.1999994913736884;True;'' '' '' '' '' '';92.54333241780598;176;99;0.0;361.04978642263;1264;asphalte;True;Mur;True;1.1999994913736884;;0.2240767873985458;;;2025-06-10 21:00:00;;2025-06-10 21:00:00;0.0;82972.390625;289.64300537109375;1.0177669525146484;-0.11865508556365967;0.3860100209712982;500.0;5000.0
BRIANCON_05_AGG_CP;44.89836120605469;6.640040874481201;2025-06-10 22:00:00;1.1800015767415317;True;'' '' '' '' '' '';92.52333450317383;176;99;0.0;361.04978642263;1264;asphalte;True;Mur;True;1.1800015767415317;;0.3658617842277473;;;2025-06-10 22:00:00;;2025-06-10 22:00:00;0.0;83008.6640625;288.6142578125;0.7998953461647034;0.061506789177656174;0.5142237544059753;500.0;5000.0
BRIANCON_05_AGG_CP;44.89836120605469;6.640040874481201;2025-06-10 23:00:00;2.2216669718424384;True;'' '' '' '' '' '';92.76833470662434;176;99;0.0;361.04978642263;1264;asphalte;True;Mur;True;2.2216669718424384;;0.5458638424084283;;;2025-06-10 23:00:00;;2025-06-10 23:00:00;0.0;83032.7890625;286.7986755371094;0.8278862237930298;-0.3806113302707672;0.5050060153007507;500.0;5000.0
BRIANCON_05_AGG_CP;44.89836120605469;6.640040874481201;2025-06-11 00:00:00;1.5333315531412666;True;'' '' '' '' '' '';92.07999928792317;176;99;0.0;361.04978642263;1264;asphalte;True;Mur;True;1.5333315531412666;;0.6745612857357586;;;2025-06-11 00:00:00;;2025-06-11 00:00:00;0.0;83024.296875;285.35272216796875;0.9915013313293457;-1.1336874961853027;0.4980815649032593;500.0;5000.0
BRIANCON_05_AGG_CP;44.89836120605469;6.640040874481201;2025-06-11 01:00:00;1.6083323160807197;True;'' '' '' '' '' '';92.15500005086263;176;99;0.0;361.04978642263;1264;asphalte;True;Mur;True;1.6083323160807197;;0.6917906189302797;;;2025-06-11 01:00:00;;2025-06-11 01:00:00;0.0;83004.8203125;284.2572326660156;1.7692222595214844;-0.8287086486816406;-0.4793987572193146;500.0;5000.0
BRIANCON_05_AGG_CP;44.89836120605469;6.640040874481201;2025-06-11 02:00:00;0.8483327229817661;True;'' '' '' '' '' '';91.39500045776367;176;99;0.0;361.04978642263;1264;asphalte;True;Mur;True;0.8483327229817661;;0.6434332558945266;;;2025-06-11 02:00:00;;2025-06-11 02:00:00;0.0;82984.890625;283.7608337402344;1.882990837097168;-0.7404980659484863;-0.605584442615509;500.0;5000.0
BRIANCON_05_AGG_CP;44.89836120605469;6.640040874481201;2025-06-11 03:00:00;0.7966651916503906;True;'' '' '' '' '' '';91.3433329264323;176;99;0.0;361.04978642263;1264;asphalte;True;Mur;True;0.7966651916503906;;0.5956722420007166;;;2025-06-11 03:00:00;;2025-06-11 03:00:00;0.0;82969.1796875;283.5098571777344;1.9287434816360474;-0.7874798774719238;-0.6198092699050903;500.0;5000.0
BRIANCON_05_AGG_CP;44.89836120605469;6.640040874481201;2025-06-11 04:00:00;1.2616666158040317;True;'' '' '' '' '' '';91.80833435058594;176;99;0.0;361.04978642263;1264;asphalte;True;Mur;True;1.2616666158040317;;0.5671807750025348;;;2025-06-11 04:00:00;;2025-06-11 04:00:00;0.0;82956.1328125;283.27252197265625;1.8910554647445679;-0.9620190858840942;-0.7095468640327454;500.0;5000.0
BRIANCON_05_AGG_CP;44.89836120605469;6.640040874481201;2025-06-11 05:00:00;1.0466651916503906;True;'' '' '' '' '' '';91.5933329264323;176;99;0.0;361.04978642263;1264;asphalte;True;Mur;True;1.0466651916503906;;0.5454117138394693;;;2025-06-11 05:00:00;;2025-06-11 05:00:00;0.0;82924.8046875;283.120849609375;2.058152198791504;-0.8099597096443176;-0.8206395506858826;500.0;5000.0
BRIANCON_05_AGG_CP;44.89836120605469;6.640040874481201;2025-06-11 06:00:00;2.3583323160807197;True;'' '' '' '' '' '';92.90500005086263;176;99;0.0;361.04978642263;1264;asphalte;True;Mur;True;2.3583323160807197;;0.5460890040945993;;;2025-06-11 06:00:00;;2025-06-11 06:00:00;0.0;82868.8515625;283.3714294433594;1.7234922647476196;-0.6580174565315247;-0.5684733390808105;500.0;5000.0
BRIANCON_05_AGG_CP;44.89836120605469;6.640040874481201;2025-06-11 07:00:00;2.141665140787751;True;'' '' '' '' '' '';92.68833287556966;176;99;0.0;361.04978642263;1264;asphalte;True;Mur;True;2.141665140787751;;0.5777012657311176;;;2025-06-11 07:00:00;;2025-06-11 07:00:00;0.0;82801.6640625;284.9013671875;1.7415839433670044;-0.18027149140834808;-0.2734947204589844;500.0;5000.0
BRIANCON_05_AGG_CP;44.89836120605469;6.640040874481201;2025-06-11 08:00:00;4.536663055419922;True;'' '' '' '' '' '';95.08333079020183;176;99;0.0;361.04978642263;1264;asphalte;True;Mur;True;4.536663055419922;;0.43592541685774644;;;2025-06-11 08:00:00;;2025-06-11 08:00:00;0.0;82742.25;287.889404296875;8.955061912536621;0.040779296308755875;-0.2785825729370117;500.0;5000.0
BRIANCON_05_AGG_CP;44.89836120605469;6.640040874481201;2025-06-11 09:00:00;4.529998779296875;True;'' '' '' '' '' '';95.07666651407878;176;99;0.0;361.04978642263;1264;asphalte;True;Mur;True;4.529998779296875;;0.22870074974437604;;;2025-06-11 09:00:00;;2025-06-11 09:00:00;0.0;82710.0859375;290.2676696777344;32.68405532836914;0.094482421875;-0.5632519721984863;500.0;5000.0
BRIANCON_05_AGG_CP;44.89836120605469;6.640040874481201;2025-06-11 10:00:00;4.2216644287109375;True;'' '' '' '' '' '';94.76833216349284;176;99;0.0;361.04978642263;1264;asphalte;True;Mur;True;4.2216644287109375;;0.14848515483573826;;;2025-06-11 10:00:00;;2025-06-11 10:00:00;0.0;82685.1953125;292.2808837890625;48.53526306152344;0.3611016869544983;-0.37177231907844543;500.0;5000.0
BRIANCON_05_AGG_CP;44.89836120605469;6.640040874481201;2025-06-11 11:00:00;1.054997762044266;True;'' '' '' '' '' '';91.60166549682617;176;99;0.0;361.04978642263;1264;asphalte;True;Mur;True;1.054997762044266;;0.10929592192225612;;;2025-06-11 11:00:00;;2025-06-11 11:00:00;0.0;82668.078125;293.5546875;61.20887756347656;0.8717379570007324;-0.06727933883666992;500.0;5000.0
BRIANCON_05_AGG_CP;44.89836120605469;6.640040874481201;2025-06-11 12:00:00;1.6116650899251255;True;'' '' '' '' '' '';92.15833282470703;176;99;0.0;361.04978642263;1264;asphalte;True;Mur;True;1.6116650899251255;;0.10268076672129492;;;2025-06-11 12:00:00;;2025-06-11 12:00:00;0.0;82642.296875;294.3746032714844;73.61066436767578;1.3839290142059326;0.41190534830093384;500.0;5000.0
BRIANCON_05_AGG_CP;44.89836120605469;6.640040874481201;2025-06-11 13:00:00;3.986666361490876;True;'' '' '' '' '' '';94.53333409627278;176;99;0.0;361.04978642263;1264;asphalte;True;Mur;True;3.986666361490876;;0.10901932432976977;;;2025-06-11 13:00:00;;2025-06-11 13:00:00;0.0;82609.90625;295.25799560546875;81.45932006835938;1.667362093925476;0.5218271613121033;500.0;5000.0
BRIANCON_05_AGG_CP;44.89836120605469;6.640040874481201;2025-06-11 14:00:00;3.9616648356119697;True;'' '' '' '' '' '';94.50833257039388;176;99;0.0;361.04978642263;1264;asphalte;True;Mur;True;3.9616648356119697;;0.13844343152349253;;;2025-06-11 14:00:00;;2025-06-11 14:00:00;0.0;82577.6796875;295.7220153808594;76.6047134399414;1.9821852445602417;0.7439754009246826;500.0;5000.0
BRIANCON_05_AGG_CP;44.89836120605469;6.640040874481201;2025-06-11 15:00:00;2.5599988301595005;True;'' '' '' '' '' '';93.1066665649414;176;99;0.0;361.04978642263;1264;asphalte;True;Mur;True;2.5599988301595005;;0.1920707733485405;;;2025-06-11 15:00:00;;2025-06-11 15:00:00;0.0;82569.265625;295.78955078125;72.94473266601562;2.0321149826049805;0.8403742909431458;500.0;5000.0
BRIANCON_05_AGG_CP;44.89836120605469;6.640040874481201;2025-06-11 16:00:00;1.4799982706705634;True;'' '' '' '' '' '';92.02666600545247;176;99;0.0;361.04978642263;1264;asphalte;True;Mur;True;1.4799982706705634;;0.23180690765338408;;;2025-06-11 16:00:00;;2025-06-11 16:00:00;0.0;82574.8125;295.48681640625;66.02948760986328;1.7926708459854126;0.5720067024230957;500.0;5000.0
BRIANCON_05_AGG_CP;44.89836120605469;6.640040874481201;2025-06-11 17:00:00;3.4349988301595005;True;'' '' '' '' '' '';93.9816665649414;176;99;0.0;361.04978642263;1264;asphalte;True;Mur;True;3.4349988301595005;;0.24006812163190894;;;2025-06-11 17:00:00;;2025-06-11 17:00:00;0.0;82594.078125;294.89691162109375;52.59128952026367;1.53054678440094;0.19419193267822266;500.0;5000.0
BRIANCON_05_AGG_CP;44.89836120605469;6.640040874481201;2025-06-11 18:00:00;2.8233324686686103;True;'' '' '' '' '' '';93.37000020345052;176;99;0.0;361.04978642263;1264;asphalte;True;Mur;True;2.8233324686686103;;0.23749449672497147;;;2025-06-11 18:00:00;;2025-06-11 18:00:00;0.0;82640.625;294.12994384765625;31.292150497436523;1.3613444566726685;-0.23921531438827515;500.0;5000.0
BRIANCON_05_AGG_CP;44.89836120605469;6.640040874481201;2025-06-11 19:00:00;2.373332977294922;True;'' '' '' '' '' '';92.92000071207683;176;99;0.0;361.04978642263;1264;asphalte;True;Mur;True;2.373332977294922;;0.23974574766844753;;;2025-06-11 19:00:00;;2025-06-11 19:00:00;0.0;82672.078125;293.1813049316406;1.4132994413375854;1.5876212120056152;-0.30245986580848694;500.0;5000.0
BRIANCON_05_AGG_CP;44.89836120605469;6.640040874481201;2025-06-11 20:00:00;1.838334401448563;True;'' '' '' '' '' '';92.00166702270508;176;99;0.0;361.04978642263;1264;asphalte;True;Mur;True;1.838334401448563;;0.26041954237585735;;;2025-06-11 20:00:00;;2025-06-11 20:00:00;0.0;82756.6796875;292.4035949707031;0.5479750633239746;1.2053805589675903;-0.48422855138778687;500.0;5000.0
BRIANCON_05_AGG_CP;44.89836120605469;6.640040874481201;2025-06-11 21:00:00;1.9799995422363281;True;'' '' '' '' '' '';92.14333216349284;176;99;0.0;361.04978642263;1264;asphalte;True;Mur;True;1.9799995422363281;;0.33027021059412603;;;2025-06-11 21:00:00;;2025-06-11 21:00:00;0.0;82804.5078125;291.32012939453125;2.9166476726531982;1.0200165510177612;-0.13120269775390625;500.0;5000.0
BRIANCON_05_AGG_CP;44.89836120605469;6.640040874481201;2025-06-11 22:00:00;0.3833351135253906;True;'' '' '' '' '' '';90.5466677347819;176;99;0.0;361.04978642263;1264;asphalte;True;Mur;True;0.3833351135253906;;0.47675515878892183;;;2025-06-11 22:00:00;;2025-06-11 22:00:00;0.0;82847.3046875;289.4381408691406;2.1367404460906982;0.5895107984542847;-0.036208804696798325;500.0;5000.0
BRIANCON_05_AGG_CP;44.89836120605469;6.640040874481201;2025-06-11 23:00:00;3.1066665649414062;True;'' '' '' '' '' '';93.26999918619792;176;99;0.0;361.04978642263;1264;asphalte;True;Mur;True;3.1066665649414062;;0.6649663729808158;;;2025-06-11 23:00:00;;2025-06-11 23:00:00;0.0;82885.4453125;287.6996154785156;1.0537948608398438;0.16910257935523987;0.644966721534729;500.0;5000.0
BRIANCON_05_AGG_CP;44.89836120605469;6.640040874481201;2025-06-12 00:00:00;2.9549992879231723;True;'' '' '' '' '' '';93.11833190917969;176;99;0.0;361.04978642263;1264;asphalte;True;Mur;True;2.9549992879231723;;0.8478770420136672;;;2025-06-12 00:00:00;;2025-06-12 00:00:00;0.0;82898.9375;286.48828125;0.9260956048965454;-0.01870756968855858;0.5052434206008911;500.0;5000.0
BRIANCON_05_AGG_CP;44.89836120605469;6.640040874481201;2025-06-12 01:00:00;2.808335622151688;True;'' '' '' '' '' '';92.9716682434082;176;99;0.0;361.04978642263;1264;asphalte;True;Mur;True;2.808335622151688;;1.0156221566873236;;;2025-06-12 01:00:00;;2025-06-12 01:00:00;0.0;82903.8671875;285.0080871582031;0.8862437009811401;-0.1925712525844574;0.11930456757545471;500.0;5000.0
BRIANCON_05_AGG_CP;44.89836120605469;6.640040874481201;2025-06-12 02:00:00;4.199999491373688;True;'' '' '' '' '' '';94.3633321126302;176;99;0.0;361.04978642263;1264;asphalte;True;Mur;True;4.199999491373688;;1.1163148530557443;;;2025-06-12 02:00:00;;2025-06-12 02:00:00;0.0;82898.2578125;284.17498779296875;0.9252408742904663;-0.4088331460952759;-0.1186724305152893;500.0;5000.0
BRIANCON_05_AGG_CP;44.89836120605469;6.640040874481201;2025-06-12 03:00:00;5.060001373291016;True;'' '' '' '' '' '';95.22333399454753;176;99;0.0;361.04978642263;1264;asphalte;True;Mur;True;5.060001373291016;;1.1532510298291332;;;2025-06-12 03:00:00;;2025-06-12 03:00:00;0.0;82901.46875;283.92352294921875;0.8224045038223267;-0.5406085848808289;0.09075379371643066;500.0;5000.0
BRIANCON_05_AGG_CP;44.89836120605469;6.640040874481201;2025-06-12 04:00:00;2.4750010172525947;True;'' '' '' '' '' '';92.63833363850911;176;99;0.0;361.04978642263;1264;asphalte;True;Mur;True;2.4750010172525947;;1.146908447120093;;;2025-06-12 04:00:00;;2025-06-12 04:00:00;0.0;82912.421875;283.8385925292969;0.8154609203338623;-0.7491819858551025;-0.13017885386943817;500.0;5000.0
BRIANCON_05_AGG_CP;44.89836120605469;6.640040874481201;2025-06-12 05:00:00;4.161668141682938;True;'' '' '' '' '' '';94.32500076293945;176;99;0.0;361.04978642263;1264;asphalte;True;Mur;True;4.161668141682938;;1.1379602338559835;;;2025-06-12 05:00:00;;2025-06-12 05:00:00;0.0;82920.90625;283.7627868652344;0.6569349765777588;-0.8866622447967529;-0.014564738608896732;500.0;5000.0
BRIANCON_05_AGG_CP;44.89836120605469;6.640040874481201;2025-06-12 06:00:00;4.200002034505204;True;'' '' '' '' '' '';94.36333465576172;176;99;0.0;361.04978642263;1264;asphalte;True;Mur;True;4.200002034505204;;1.1295807063153862;;;2025-06-12 06:00:00;;2025-06-12 06:00:00;0.0;82903.59375;284.3178405761719;0.761039137840271;-0.7326951622962952;-0.11350241303443909;500.0;5000.0
BRIANCON_05_AGG_CP;44.89836120605469;6.640040874481201;2025-06-12 07:00:00;4.9116668701171875;True;'' '' '' '' '' '';95.0749994913737;176;99;0.0;361.04978642263;1264;asphalte;True;Mur;True;4.9116668701171875;;1.130201303638917;;;2025-06-12 07:00:00;;2025-06-12 07:00:00;0.0;82867.46875;286.5323791503906;0.7483717203140259;-0.00161115569062531;-0.36276936531066895;500.0;5000.0
BRIANCON_05_AGG_CP;44.89836120605469;6.640040874481201;2025-06-12 08:00:00;4.028333028157547;True;'' '' '' '' '' '';94.19166564941406;176;99;0.0;361.04978642263;1264;asphalte;True;Mur;True;4.028333028157547;;1.0670390352546244;;;2025-06-12 08:00:00;;2025-06-12 08:00:00;0.0;82829.390625;288.71392822265625;2.130629062652588;0.478582501411438;-0.27020904421806335;500.0;5000.0
BRIANCON_05_AGG_CP;44.89836120605469;6.640040874481201;2025-06-12 09:00:00;3.8500010172525947;True;'' '' '' '' '' '';94.01333363850911;176;99;0.0;361.04978642263;1264;asphalte;True;Mur;True;3.8500010172525947;;0.8336025229468969;;;2025-06-12 09:00:00;;2025-06-12 09:00:00;0.0;82815.046875;290.7709045410156;15.629351615905762;0.9447838068008423;-0.15022306144237518;500.0;5000.0
BRIANCON_05_AGG_CP;44.89836120605469;6.640040874481201;2025-06-12 10:00:00;3.1016667683919223;True;'' '' '' '' '' '';93.26499938964844;176;99;0.0;361.04978642263;1264;asphalte;True;Mur;True;3.1016667683919223;;0.49427722657001405;;;2025-06-12 10:00:00;;2025-06-12 10:00:00;0.0;82808.0234375;292.3990173339844;41.2285270690918;1.3599838018417358;0.21492767333984375;500.0;5000.0
BRIANCON_05_AGG_CP;44.89836120605469;6.640040874481201;2025-06-12 11:00:00;2.2416674296061103;True;'' '' '' '' '' '';92.40500005086263;176;99;0.0;361.04978642263;1264;asphalte;True;Mur;True;2.2416674296061103;;0.28334492955042756;;;2025-06-12 11:00:00;;2025-06-12 11:00:00;0.0;82796.921875;293.7602844238281;72.0799331665039;1.4986724853515625;0.4700143039226532;500.0;5000.0
BRIANCON_05_AGG_CP;44.89836120605469;6.640040874481201;2025-06-12 12:00:00;2.683333079020173;True;'' '' '' '' '' '';92.84666570027669;176;99;0.0;361.04978642263;1264;asphalte;True;Mur;True;2.683333079020173;;0.2139462679283735;;;2025-06-12 12:00:00;;2025-06-12 12:00:00;0.0;82778.59375;294.4048767089844;77.4588851928711;1.4956080913543701;0.8169878125190735;500.0;5000.0
BRIANCON_05_AGG_CP;44.89836120605469;6.640040874481201;2025-06-12 13:00:00;0.661668141682938;True;'' '' '' '' '' '';90.82500076293945;176;99;0.0;361.04978642263;1264;asphalte;True;Mur;True;0.661668141682938;;0.17540867440187305;;;2025-06-12 13:00:00;;2025-06-12 13:00:00;0.0;82754.1953125;295.2057800292969;86.01656341552734;1.4335169792175293;1.191298007965088;500.0;5000.0
BRIANCON_05_AGG_CP;44.89836120605469;6.640040874481201;2025-06-12 14:00:00;1.8366673787434848;True;'' '' '' '' '' '';92.0;176;99;0.0;361.04978642263;1264;asphalte;True;Mur;True;1.8366673787434848;;0.14682638649820764;;;2025-06-12 14:00:00;;2025-06-12 14:00:00;0.0;82776.796875;295.24163818359375;75.60369873046875;1.3261202573776245;1.2127588987350464;500.0;5000.0
BRIANCON_05_AGG_CP;44.89836120605469;6.640040874481201;2025-06-12 15:00:00;2.170001983642578;True;'' '' '' '' '' '';92.3333346048991;176;99;0.0;361.04978642263;1264;asphalte;True;Mur;True;2.170001983642578;;0.14107821356447448;;;2025-06-12 15:00:00;;2025-06-12 15:00:00;0.0;82802.25;295.1231384277344;60.921878814697266;1.4627318382263184;1.0125160217285156;500.0;5000.0
BRIANCON_05_AGG_CP;44.89836120605469;6.640040874481201;2025-06-12 16:00:00;3.141667683919266;True;'' '' '' '' '' '';93.30500030517578;176;99;0.0;361.04978642263;1264;asphalte;True;Mur;True;3.141667683919266;;0.14587009578752655;;;2025-06-12 16:00:00;;2025-06-12 16:00:00;0.0;82835.3203125;294.6952209472656;54.05050277709961;1.5560448169708252;0.9684824347496033;500.0;5000.0
BRIANCON_05_AGG_CP;44.89836120605469;6.640040874481201;2025-06-12 17:00:00;3.7966677347818916;True;'' '' '' '' '' '';93.9600003560384;176;99;0.0;361.04978642263;1264;asphalte;True;Mur;True;3.7966677347818916;;0.15566682464536116;;;2025-06-12 17:00:00;;2025-06-12 17:00:00;0.0;82872.671875;294.3263244628906;49.499942779541016;1.7437093257904053;0.8843663930892944;500.0;5000.0
BRIANCON_05_AGG_CP;44.89836120605469;6.640040874481201;2025-06-12 18:00:00;1.9399998982747348;True;'' '' '' '' '' '';92.10333251953125;176;99;0.0;361.04978642263;1264;asphalte;True;Mur;True;1.9399998982747348;;0.36087168409776327;;;2025-06-12 18:00:00;;2025-06-12 18:00:00;0.0;82926.6796875;293.6265869140625;37.63077163696289;1.7943426370620728;0.7954835891723633;500.0;5000.0
BRIANCON_05_AGG_CP;44.89836120605469;6.640040874481201;2025-06-12 19:00:00;0.0;True;'' '' '' '' '' '';90.16333262125652;176;99;0.0;361.04978642263;1264;asphalte;True;Mur;True;0.0;;0.43335091374704926;;;2025-06-12 19:00:00;;2025-06-12 19:00:00;0.0;82955.078125;292.9906921386719;31.009727478027344;1.7869354486465454;0.4452476501464844;500.0;5000.0
BRIANCON_05_AGG_CP;44.89836120605469;6.640040874481201;2025-06-12 20:00:00;2.5149993896484375;True;'' '' '' '' '' '';92.67833201090495;176;99;0.0;361.04978642263;1264;asphalte;True;Mur;True;2.5149993896484375;;0.3618370251860792;;;2025-06-12 20:00:00;;2025-06-12 20:00:00;0.0;83053.125;292.0831298828125;0.8001990914344788;1.7292962074279785;0.24023818969726562;500.0;5000.0
BRIANCON_05_AGG_CP;44.89836120605469;6.640040874481201;2025-06-12 21:00:00;0.9933344523111884;True;'' '' '' '' '' '';91.1566670735677;176;99;0.0;361.04978642263;1264;asphalte;True;Mur;True;0.9933344523111884;;0.36985114677898917;;;2025-06-12 21:00:00;;2025-06-12 21:00:00;0.0;83109.796875;291.11627197265625;0.4969654381275177;1.3485653400421143;0.4687690734863281;500.0;5000.0
BRIANCON_05_AGG_CP;44.89836120605469;6.640040874481201;2025-06-12 22:00:00;1.72833251953125;True;'' '' '' '' '' '';91.89166514078777;176;99;0.0;361.04978642263;1264;asphalte;True;Mur;True;1.72833251953125;;0.42943856478662445;;;2025-06-12 22:00:00;;2025-06-12 22:00:00;0.0;83158.4765625;290.0826416015625;0.37470564246177673;0.7305614352226257;0.6400413513183594;500.0;5000.0
BRIANCON_05_AGG_CP;44.89836120605469;6.640040874481201;2025-06-12 23:00:00;3.2950007120768134;True;'' '' '' '' '' '';93.45833333333333;176;99;0.0;361.04978642263;1264;asphalte;True;Mur;True;3.2950007120768134;;0.5651731524187326;;;2025-06-12 23:00:00;;2025-06-12 23:00:00;0.0;83185.3359375;288.489013671875;0.2528780698776245;0.2838614881038666;0.5534610748291016;500.0;5000.0
BRIANCON_05_AGG_CP;44.89836120605469;6.640040874481201;2025-06-13 00:00:00;2.968334197998047;True;'' '' '' '' '' '';93.13166681925456;176;99;0.0;361.04978642263;1264;asphalte;True;Mur;True;2.968334197998047;;0.7333687856211218;;;2025-06-13 00:00:00;;2025-06-13 00:00:00;0.0;83185.7265625;287.2710266113281;0.24995462596416473;-0.16072557866573334;0.33780622482299805;500.0;5000.0
BRIANCON_05_AGG_CP;44.89836120605469;6.640040874481201;2025-06-13 01:00:00;4.236667633056641;True;'' '' '' '' '' '';94.40000025431316;176;99;0.0;361.04978642263;1264;asphalte;True;Mur;True;4.236667633056641;;0.8759973215560768;;;2025-06-13 01:00:00;;2025-06-13 01:00:00;0.0;83198.359375;286.54534912109375;0.5453852415084839;-0.2685384750366211;0.12303313612937927;500.0;5000.0
BRIANCON_05_AGG_CP;44.89836120605469;6.640040874481201;2025-06-13 02:00:00;4.488333384195954;True;'' '' '' '' '' '';94.65166600545247;176;99;0.0;361.04978642263;1264;asphalte;True;Mur;True;4.488333384195954;;0.9766353741350042;;;2025-06-13 02:00:00;;2025-06-13 02:00:00;0.0;83202.4453125;285.9713439941406;0.6275231242179871;-0.34244441986083984;0.10765111446380615;500.0;5000.0
BRIANCON_05_AGG_CP;44.89836120605469;6.640040874481201;2025-06-13 03:00:00;3.213331858317048;True;'' '' '' '' '' '';93.37666447957356;176;99;0.0;361.04978642263;1264;asphalte;True;Mur;True;3.213331858317048;;1.05138866363097;;;2025-06-13 03:00:00;;2025-06-13 03:00:00;0.0;83221.5546875;285.68157958984375;0.6115074753761292;-0.42371463775634766;-0.014030253514647484;500.0;5000.0
BRIANCON_05_AGG_CP;44.89836120605469;6.640040874481201;2025-06-13 04:00:00;3.3666674296061103;True;'' '' '' '' '' '';93.53000005086263;176;99;0.0;361.04978642263;1264;asphalte;True;Mur;True;3.3666674296061103;;1.0938387890770118;;;2025-06-13 04:00:00;;2025-06-13 04:00:00;0.0;83232.0390625;285.44561767578125;0.5546096563339233;-0.36404281854629517;0.10027001798152924;500.0;5000.0
BRIANCON_05_AGG_CP;44.89836120605469;6.640040874481201;2025-06-13 05:00:00;1.6816673278808594;True;'' '' '' '' '' '';91.84499994913737;176;99;0.0;361.04978642263;1264;asphalte;True;Mur;True;1.6816673278808594;;1.1221475896931732;;;2025-06-13 05:00:00;;2025-06-13 05:00:00;0.0;83251.0546875;285.242431640625;0.6449064612388611;-0.2247719168663025;0.1705055981874466;500.0;5000.0
BRIANCON_05_AGG_CP;44.89836120605469;6.640040874481201;2025-06-13 06:00:00;2.623332977294922;True;'' '' '' '' '' '';92.78666559855144;176;99;0.0;361.04978642263;1264;asphalte;True;Mur;True;2.623332977294922;;1.1400487975529727;;;2025-06-13 06:00:00;;2025-06-13 06:00:00;0.0;83242.3359375;285.6753845214844;0.733820378780365;-0.1365642547607422;0.12270081788301468;500.0;5000.0
BRIANCON_05_AGG_CP;44.89836120605469;6.640040874481201;2025-06-13 07:00:00;2.346668243408203;True;'' '' '' '' '' '';92.51000086466472;176;99;0.0;361.04978642263;1264;asphalte;True;Mur;True;2.346668243408203;;1.1232263166446876;;;2025-06-13 07:00:00;;2025-06-13 07:00:00;0.0;83207.2265625;287.776123046875;0.8048363924026489;0.28421545028686523;0.0884123146533966;500.0;5000.0
BRIANCON_05_AGG_CP;44.89836120605469;6.640040874481201;2025-06-13 08:00:00;5.121665954589844;True;'' '' '' '' '' '';95.28499857584636;176;99;0.0;361.04978642263;1264;asphalte;True;Mur;True;5.121665954589844;;0.970764191688539;;;2025-06-13 08:00:00;;2025-06-13 08:00:00;0.0;83196.0078125;289.8089599609375;3.7767715454101562;0.7387800216674805;0.17861929535865784;500.0;5000.0
BRIANCON_05_AGG_CP;44.89836120605469;6.640040874481201;2025-06-13 09:00:00;3.9549992879231723;True;'' '' '' '' '' '';94.11833190917969;176;99;0.0;361.04978642263;1264;asphalte;True;Mur;True;3.9549992879231723;;0.6531691691420011;;;2025-06-13 09:00:00;;2025-06-13 09:00:00;0.0;83205.7265625;291.7101135253906;20.763277053833008;1.3153808116912842;0.2818860709667206;500.0;5000.0
BRIANCON_05_AGG_CP;44.89836120605469;6.640040874481201;2025-06-13 10:00:00;3.948333740234375;True;'' '' '' '' '' '';94.11166636149089;176;99;0.0;361.04978642263;1264;asphalte;True;Mur;True;3.948333740234375;;0.30138674758997674;;;2025-06-13 10:00:00;;2025-06-13 10:00:00;0.0;83186.859375;293.2607727050781;60.632389068603516;1.620417594909668;0.3075599670410156;500.0;5000.0
BRIANCON_05_AGG_CP;44.89836120605469;6.640040874481201;2025-06-13 11:00:00;2.8666674296061103;True;'' '' '' '' '' '';93.03000005086263;176;99;0.0;361.04978642263;1264;asphalte;True;Mur;True;2.8666674296061103;;0.1197939940604173;;;2025-06-13 11:00:00;;2025-06-13 11:00:00;0.0;83167.828125;294.3206787109375;72.96819305419922;1.6964012384414673;0.2361721247434616;500.0;5000.0
BRIANCON_05_AGG_CP;44.89836120605469;6.640040874481201;2025-06-13 12:00:00;2.588334401448563;True;'' '' '' '' '' '';92.75166702270508;176;99;0.0;361.04978642263;1264;asphalte;True;Mur;True;2.588334401448563;;0.07076745195703713;;;2025-06-13 12:00:00;;2025-06-13 12:00:00;0.0;83143.2109375;294.9048156738281;79.18856048583984;1.929764986038208;0.6403934359550476;500.0;5000.0
BRIANCON_05_AGG_CP;44.89836120605469;6.640040874481201;2025-06-13 13:00:00;1.4533335367838447;True;'' '' '' '' '' '';91.61666615804036;176;99;0.0;361.04978642263;1264;asphalte;True;Mur;True;1.4533335367838447;;0.06048210028511761;;;2025-06-13 13:00:00;;2025-06-13 13:00:00;0.0;83103.0;295.69952392578125;87.05109405517578;1.6998534202575684;0.7367691397666931;500.0;5000.0
BRIANCON_05_AGG_CP;44.89836120605469;6.640040874481201;2025-06-13 14:00:00;0.12833531697590672;True;'' '' '' '' '' '';90.29166793823242;176;99;0.0;361.04978642263;1264;asphalte;True;Mur;True;0.12833531697590672;;0.06154636736778289;;;2025-06-13 14:00:00;;2025-06-13 14:00:00;0.0;83111.5546875;295.6361999511719;80.21531677246094;1.6314597129821777;0.9965509176254272;500.0;5000.0
BRIANCON_05_AGG_CP;44.89836120605469;6.640040874481201;2025-06-13 15:00:00;3.7500012715657505;True;'' '' '' '' '' '';93.91333389282227;176;99;0.0;361.04978642263;1264;asphalte;True;Mur;True;3.7500012715657505;;0.06676485536302734;;;2025-06-13 15:00:00;;2025-06-13 15:00:00;0.0;83123.84375;295.2604675292969;76.79396057128906;1.5011863708496094;1.2111319303512573;500.0;5000.0
BRIANCON_05_AGG_CP;44.89836120605469;6.640040874481201;2025-06-13 16:00:00;2.939999898274735;True;'' '' '' '' '' '';93.10333251953125;176;99;0.0;361.04978642263;1264;asphalte;True;Mur;True;2.939999898274735;;0.07942868164947416;;;2025-06-13 16:00:00;;2025-06-13 16:00:00;0.0;83142.4609375;294.8229675292969;66.67416381835938;1.3881030082702637;1.1833395957946777;500.0;5000.0
BRIANCON_05_AGG_CP;44.89836120605469;6.640040874481201;2025-06-13 17:00:00;1.091665903727204;True;'' '' '' '' '' '';91.25499852498372;176;99;0.0;361.04978642263;1264;asphalte;True;Mur;True;1.091665903727204;;0.10583529902073383;;;2025-06-13 17:00:00;;2025-06-13 17:00:00;0.0;83170.7734375;294.3674011230469;53.011329650878906;1.3838130235671997;1.1236499547958374;500.0;5000.0
BRIANCON_05_AGG_CP;44.89836120605469;6.640040874481201;2025-06-13 18:00:00;2.1800003051757812;True;'' '' '' '' '' '';92.3433329264323;176;99;0.0;361.04978642263;1264;asphalte;True;Mur;True;2.1800003051757812;;0.12687132838447648;;;2025-06-13 18:00:00;;2025-06-13 18:00:00;0.0;83208.5859375;293.751220703125;35.315826416015625;1.485109806060791;0.8843253254890442;500.0;5000.0
BRIANCON_05_AGG_CP;44.89836120605469;6.640040874481201;2025-06-13 19:00:00;1.2516670227050781;True;'' '' '' '' '' '';91.4149996439616;176;99;0.0;361.04978642263;1264;asphalte;True;Mur;True;1.2516670227050781;;0.14746581641347442;;;2025-06-13 19:00:00;;2025-06-13 19:00:00;0.0;83207.8125;293.4902038574219;0.907089114189148;1.3876615762710571;0.5093806982040405;500.0;5000.0
BRIANCON_05_AGG_CP;44.89836120605469;6.640040874481201;2025-06-13 20:00:00;1.4533309936523438;True;'' '' '' '' '' '';91.74499893188477;176;99;0.0;361.04978642263;1264;asphalte;True;Mur;True;1.4533309936523438;;0.19121803749785893;;;2025-06-13 20:00:00;;2025-06-13 20:00:00;0.0;83270.8828125;292.99285888671875;1.0048149824142456;1.253774881362915;0.0765264555811882;500.0;5000.0
BRIANCON_05_AGG_CP;44.89836120605469;6.640040874481201;2025-06-13 21:00:00;1.536665598551437;True;'' '' '' '' '' '';91.82833353678386;176;99;0.0;361.04978642263;1264;asphalte;True;Mur;True;1.536665598551437;;0.26761715402317393;;;2025-06-13 21:00:00;;2025-06-13 21:00:00;0.0;83305.7109375;292.18890380859375;0.7290098667144775;1.0794365406036377;0.2554952800273895;500.0;5000.0
BRIANCON_05_AGG_CP;44.89836120605469;6.640040874481201;2025-06-13 22:00:00;1.7816658020019531;True;'' '' '' '' '' '';92.07333374023438;176;99;0.0;361.04978642263;1264;asphalte;True;Mur;True;1.7816658020019531;;0.3878939162059447;;;2025-06-13 22:00:00;;2025-06-13 22:00:00;0.0;83340.984375;290.68878173828125;0.8117786049842834;0.5866444706916809;0.5964916348457336;500.0;5000.0
BRIANCON_05_AGG_CP;44.89836120605469;6.640040874481201;2025-06-13 23:00:00;3.284998575846359;True;'' '' '' '' '' '';93.57666651407878;176;99;0.0;361.04978642263;1264;asphalte;True;Mur;True;3.284998575846359;;0.5526037147405433;;;2025-06-13 23:00:00;;2025-06-13 23:00:00;0.0;83361.5703125;289.0623474121094;0.9299139976501465;0.7493398189544678;0.6130003333091736;500.0;5000.0
BRIANCON_05_AGG_CP;44.89836120605469;6.640040874481201;2025-06-14 00:00:00;4.678330739339188;True;'' '' '' '' '' '';94.96999867757161;176;99;0.0;361.04978642263;1264;asphalte;True;Mur;True;4.678330739339188;;0.7061445666482064;;;2025-06-14 00:00:00;;2025-06-14 00:00:00;0.0;83357.828125;288.05267333984375;1.1102194786071777;0.49548688530921936;0.6479929685592651;500.0;5000.0
BRIANCON_05_AGG_CP;44.89836120605469;6.640040874481201;2025-06-14 01:00:00;2.97833251953125;True;'' '' '' '' '' '';93.27000045776367;176;99;0.0;361.04978642263;1264;asphalte;True;Mur;True;2.97833251953125;;0.8109215447575646;;;2025-06-14 01:00:00;;2025-06-14 01:00:00;0.0;83362.6015625;286.79583740234375;1.167929768562317;0.639572262763977;0.5826367139816284;500.0;5000.0
BRIANCON_05_AGG_CP;44.89836120605469;6.640040874481201;2025-06-14 02:00:00;3.373332977294922;True;'' '' '' '' '' '';93.66500091552734;176;99;0.0;361.04978642263;1264;asphalte;True;Mur;True;3.373332977294922;;0.8693472699529414;;;2025-06-14 02:00:00;;2025-06-14 02:00:00;0.0;83378.8203125;286.00164794921875;1.3716412782669067;0.5975551605224609;0.5301562547683716;500.0;5000.0
BRIANCON_05_AGG_CP;44.89836120605469;6.640040874481201;2025-06-14 03:00:00;3.18499755859375;True;'' '' '' '' '' '';93.47666549682617;176;99;0.0;361.04978642263;1264;asphalte;True;Mur;True;3.18499755859375;;0.8899488567956637;;;2025-06-14 03:00:00;;2025-06-14 03:00:00;0.0;83391.171875;285.5726013183594;1.6130046844482422;0.49045121669769287;0.558966338634491;500.0;5000.0
BRIANCON_05_AGG_CP;44.89836120605469;6.640040874481201;2025-06-14 04:00:00;3.913330078125;True;'' '' '' '' '' '';94.20499801635742;176;99;0.0;361.04978642263;1264;asphalte;True;Mur;True;3.913330078125;;0.8961488777610438;;;2025-06-14 04:00:00;;2025-06-14 04:00:00;0.0;83381.6328125;285.3918762207031;1.3094018697738647;0.17795339226722717;0.22476378083229065;500.0;5000.0
BRIANCON_05_AGG_CP;44.89836120605469;6.640040874481201;2025-06-14 05:00:00;3.6916631062825473;True;'' '' '' '' '' '';93.98333104451497;176;99;0.0;361.04978642263;1264;asphalte;True;Mur;True;3.6916631062825473;;0.9278455933257879;;;2025-06-14 05:00:00;;2025-06-14 05:00:00;0.0;83369.8359375;285.30133056640625;1.0370888710021973;0.1478828489780426;0.10648548603057861;500.0;5000.0
BRIANCON_05_AGG_CP;44.89836120605469;6.640040874481201;2025-06-14 06:00:00;2.888331095377609;True;'' '' '' '' '' '';93.17999903361003;176;99;0.0;361.04978642263;1264;asphalte;True;Mur;True;2.888331095377609;;0.9967828320557592;;;2025-06-14 06:00:00;;2025-06-14 06:00:00;0.05111721530556679;83339.2578125;285.60540771484375;1.073777437210083;0.23402459919452667;-0.05882338806986809;500.0;5000.0
BRIANCON_05_AGG_CP;44.89836120605469;6.640040874481201;2025-06-14 07:00:00;3.4566650390625;True;'' '' '' '' '' '';93.74833297729492;176;99;0.0;361.04978642263;1264;asphalte;True;Mur;True;3.4566650390625;;1.0207684307192433;;;2025-06-14 07:00:00;;2025-06-14 07:00:00;1.0093801021575928;83330.2421875;287.6191711425781;0.7492356896400452;-0.68625807762146;-0.24563542008399963;2750.0;2993.2915
BRIANCON_05_AGG_CP;44.89836120605469;6.640040874481201;2025-06-14 08:00:00;3.579998016357422;True;'' '' '' '' '' '';93.87166595458984;176;99;0.0;361.04978642263;1264;asphalte;True;Mur;True;3.579998016357422;;0.8768563024112719;;;2025-06-14 08:00:00;;2025-06-14 08:00:00;0.0;83284.8984375;289.0376892089844;1.7687443494796753;0.21747685968875885;-0.11972058564424515;500.0;5000.0
BRIANCON_05_AGG_CP;44.89836120605469;6.640040874481201;2025-06-14 09:00:00;4.918332417805985;True;'' '' '' '' '' '';95.2100003560384;176;99;0.0;361.04978642263;1264;asphalte;True;Mur;True;4.918332417805985;;0.6407894722650076;;;2025-06-14 09:00:00;;2025-06-14 09:00:00;0.0;83247.9375;290.68524169921875;14.768498420715332;0.7136168479919434;-0.23704978823661804;500.0;5000.0
BRIANCON_05_AGG_CP;44.89836120605469;6.640040874481201;2025-06-14 10:00:00;1.213331858317062;True;'' '' '' '' '' '';91.50499979654948;176;99;0.0;361.04978642263;1264;asphalte;True;Mur;True;1.213331858317062;;0.5828032880513673;;;2025-06-14 10:00:00;;2025-06-14 10:00:00;0.0;83210.4453125;293.15924072265625;63.268733978271484;1.5366517305374146;0.37518310546875;500.0;5000.0
BRIANCON_05_AGG_CP;44.89836120605469;6.640040874481201;2025-06-14 11:00:00;2.086664835611984;True;'' '' '' '' '' '';92.3783327738444;176;99;0.0;361.04978642263;1264;asphalte;True;Mur;True;2.086664835611984;;0.33239875695673105;;;2025-06-14 11:00:00;;2025-06-14 11:00:00;0.0;83193.796875;294.0458068847656;75.52073669433594;1.93778395652771;0.7754697203636169;500.0;5000.0
BRIANCON_05_AGG_CP;44.89836120605469;6.640040874481201;2025-06-14 12:00:00;2.304999033610031;True;'' '' '' '' '' '';92.59666697184245;176;99;0.0;361.04978642263;1264;asphalte;True;Mur;True;2.304999033610031;;0.1292374166668095;;;2025-06-14 12:00:00;;2025-06-14 12:00:00;0.0;83176.3125;294.0799865722656;81.15337371826172;1.998483657836914;0.7602275609970093;500.0;5000.0
BRIANCON_05_AGG_CP;44.89836120605469;6.640040874481201;2025-06-14 13:00:00;1.8533312479654995;True;'' '' '' '' '' '';92.14499918619792;176;99;0.0;361.04978642263;1264;asphalte;True;Mur;True;1.8533312479654995;;0.10413479161006794;;;2025-06-14 13:00:00;;2025-06-14 13:00:00;1.5750974416732788;83147.5546875;294.89031982421875;89.55155181884766;1.750406265258789;0.7837060689926147;500.0;5000.0
BRIANCON_05_AGG_CP;44.89836120605469;6.640040874481201;2025-06-14 14:00:00;2.7533302307128906;True;'' '' '' '' '' '';93.04499816894531;176;99;0.0;361.04978642263;1264;asphalte;True;Mur;True;2.7533302307128906;;0.7311420024101734;;;2025-06-14 14:00:00;;2025-06-14 14:00:00;0.0;83150.453125;294.8053894042969;78.77737426757812;1.6243144273757935;0.675074577331543;500.0;5000.0
BRIANCON_05_AGG_CP;44.89836120605469;6.640040874481201;2025-06-14 15:00:00;1.8000005086263116;True;'' '' '' '' '' '';93.05499903361003;176;99;0.0;361.04978642263;1264;asphalte;True;Mur;True;1.8000005086263116;;0.37872576168912486;;;2025-06-14 15:00:00;;2025-06-14 15:00:00;0.0;83140.8203125;294.8204650878906;70.31402587890625;1.529661774635315;0.646655261516571;500.0;5000.0
BRIANCON_05_AGG_CP;44.89836120605469;6.640040874481201;2025-06-14 16:00:00;0.586669921875;True;'' '' '' '' '' '';91.84166844685872;176;99;0.0;361.04978642263;1264;asphalte;True;Mur;True;0.586669921875;;0.1546845903319452;;;2025-06-14 16:00:00;;2025-06-14 16:00:00;0.0;83140.5625;294.73748779296875;62.82332229614258;1.4287052154541016;0.7603310346603394;500.0;5000.0
BRIANCON_05_AGG_CP;44.89836120605469;6.640040874481201;2025-06-14 17:00:00;1.1366678873697964;True;'' '' '' '' '' '';92.39166641235352;176;99;0.0;361.04978642263;1264;asphalte;True;Mur;True;1.1366678873697964;;0.0981701231536538;;;2025-06-14 17:00:00;;2025-06-14 17:00:00;0.0;83165.0078125;294.4305419921875;51.53709411621094;1.4213955402374268;0.9674052596092224;500.0;5000.0
BRIANCON_05_AGG_CP;44.89836120605469;6.640040874481201;2025-06-14 18:00:00;0.8800010681152344;True;'' '' '' '' '' '';92.20333353678386;176;99;0.0;361.04978642263;1264;asphalte;True;Mur;True;0.8800010681152344;;0.09758215963788855;;;2025-06-14 18:00:00;;2025-06-14 18:00:00;0.0;83198.84375;293.9010314941406;39.232357025146484;1.3670401573181152;0.7130662202835083;500.0;5000.0
BRIANCON_05_AGG_CP;44.89836120605469;6.640040874481201;2025-06-14 19:00:00;1.2050005594889228;True;'' '' '' '' '' '';92.52833302815755;176;99;0.0;361.04978642263;1264;asphalte;True;Mur;True;1.2050005594889228;;0.11379574040883134;;;2025-06-14 19:00:00;;2025-06-14 19:00:00;0.0;83180.7734375;293.5722961425781;26.219505310058594;1.4982589483261108;0.4452180862426758;500.0;5000.0
BRIANCON_05_AGG_CP;44.89836120605469;6.640040874481201;2025-06-14 20:00:00;1.0200017293294223;True;'' '' '' '' '' '';92.34333419799805;176;99;0.0;361.04978642263;1264;asphalte;True;Mur;True;1.0200017293294223;;0.1369380073202274;;;2025-06-14 20:00:00;;2025-06-14 20:00:00;0.0;83263.578125;293.0796813964844;1.7236618995666504;1.4718153476715088;0.40484702587127686;500.0;5000.0
BRIANCON_05_AGG_CP;44.89836120605469;6.640040874481201;2025-06-14 21:00:00;0.19999949137368844;True;'' '' '' '' '' '';91.52333196004231;176;99;0.0;361.04978642263;1264;asphalte;True;Mur;True;0.19999949137368844;;0.1921313328161374;;;2025-06-14 21:00:00;;2025-06-14 21:00:00;0.0;83309.1171875;292.27911376953125;0.6222490072250366;1.469889760017395;0.2255421131849289;500.0;5000.0
BRIANCON_05_AGG_CP;44.89836120605469;6.640040874481201;2025-06-14 22:00:00;1.2850023905436103;True;'' '' '' '' '' '';92.60833485921223;176;99;0.0;361.04978642263;1264;asphalte;True;Mur;True;1.2850023905436103;;0.2812471447139614;;;2025-06-14 22:00:00;;2025-06-14 22:00:00;0.0;83343.9921875;291.4059753417969;0.9362652897834778;1.4958906173706055;0.2680339813232422;500.0;5000.0
BRIANCON_05_AGG_CP;44.89836120605469;6.640040874481201;2025-06-14 23:00:00;2.3583335876464844;True;'' '' '' '' '' '';92.26166661580403;176;99;0.0;361.04978642263;1264;asphalte;True;Mur;True;2.3583335876464844;;0.3625060700836874;;;2025-06-14 23:00:00;;2025-06-14 23:00:00;0.0;83356.640625;290.74163818359375;1.1664263010025024;1.3227776288986206;0.4049399793148041;500.0;5000.0
BRIANCON_05_AGG_CP;44.89836120605469;6.640040874481201;2025-06-15 00:00:00;4.7416674296061245;True;'' '' '' '' '' '';94.64500045776367;176;99;0.0;361.04978642263;1264;asphalte;True;Mur;True;4.7416674296061245;;1.4098770978812625;;;2025-06-15 00:00:00;;2025-06-15 00:00:00;0.027899935841560364;83336.6875;289.74163818359375;1.0795098543167114;0.8579128980636597;0.5948584079742432;500.0;5000.0
BRIANCON_05_AGG_CP;44.89836120605469;6.640040874481201;2025-06-15 01:00:00;3.151667277018234;True;'' '' '' '' '' '';93.05500030517578;176;99;0.0;361.04978642263;1264;asphalte;True;Mur;True;3.151667277018234;;1.5416766496224865;;;2025-06-15 01:00:00;;2025-06-15 01:00:00;0.0;83299.421875;288.14654541015625;1.0379825830459595;0.3251152038574219;0.41759219765663147;500.0;5000.0
BRIANCON_05_AGG_CP;44.89836120605469;6.640040874481201;2025-06-15 02:00:00;2.5816663106282647;True;'' '' '' '' '' '';92.48499933878581;176;99;0.0;361.04978642263;1264;asphalte;True;Mur;True;2.5816663106282647;;1.2098248184516658;;;2025-06-15 02:00:00;;2025-06-15 02:00:00;0.0;83290.5078125;287.2430419921875;0.9467228055000305;0.4153124988079071;0.5507226586341858;500.0;5000.0
BRIANCON_05_AGG_CP;44.89836120605469;6.640040874481201;2025-06-15 03:00:00;4.866666158040374;True;'' '' '' '' '' '';94.76999918619792;176;99;0.0;361.04978642263;1264;asphalte;True;Mur;True;4.866666158040374;;1.149140450764502;;;2025-06-15 03:00:00;;2025-06-15 03:00:00;0.0;83283.8828125;286.8187561035156;1.036486029624939;0.8747928738594055;0.6117591857910156;500.0;5000.0
BRIANCON_05_AGG_CP;44.89836120605469;6.640040874481201;2025-06-15 04:00:00;2.8533337910970147;True;'' '' '' '' '' '';92.75666681925456;176;99;0.0;361.04978642263;1264;asphalte;True;Mur;True;2.8533337910970147;;1.1084201915687042;;;2025-06-15 04:00:00;;2025-06-15 04:00:00;0.0;83302.171875;286.7284851074219;1.1793653964996338;1.366534948348999;1.1697747707366943;500.0;5000.0
BRIANCON_05_AGG_CP;44.89836120605469;6.640040874481201;2025-06-15 05:00:00;2.345001220703125;True;'' '' '' '' '' '';92.24833424886067;176;99;0.0;361.04978642263;1264;asphalte;True;Mur;True;2.345001220703125;;0.7612727830931532;;;2025-06-15 05:00:00;;2025-06-15 05:00:00;0.0;83304.1796875;287.4612121582031;0.7857320308685303;1.3816595077514648;-0.37166449427604675;2000.0;8651.545
BRIANCON_05_AGG_CP;44.89836120605469;6.640040874481201;2025-06-15 06:00:00;4.125;True;'' '' '' '' '' '';94.02833302815755;176;99;0.0;361.04978642263;1264;asphalte;True;Mur;True;4.125;;0.6500426173901286;;;2025-06-15 06:00:00;;2025-06-15 06:00:00;0.0012515952112153172;83222.0546875;287.6695861816406;0.795601487159729;0.6760802865028381;0.6777855753898621;500.0;5000.0
BRIANCON_05_AGG_CP;44.89836120605469;6.640040874481201;2025-06-15 07:00:00;3.71499888102214;True;'' '' '' '' '' '';93.61833190917969;176;99;0.0;361.04978642263;1264;asphalte;True;Mur;True;3.71499888102214;;0.471348936444127;;;2025-06-15 07:00:00;;2025-06-15 07:00:00;0.0;83147.5625;288.3558044433594;2.711622714996338;0.7399658560752869;0.43881726264953613;500.0;5000.0
BRIANCON_05_AGG_CP;44.89836120605469;6.640040874481201;2025-06-15 08:00:00;4.016665140787765;True;'' '' '' '' '' '';93.91999816894531;176;99;0.0;361.04978642263;1264;asphalte;True;Mur;True;4.016665140787765;;0.28783081874959177;;;2025-06-15 08:00:00;;2025-06-15 08:00:00;0.0;83112.6328125;289.5209655761719;6.908461570739746;0.9982015490531921;0.15222029387950897;500.0;5000.0
BRIANCON_05_AGG_CP;44.89836120605469;6.640040874481201;2025-06-15 09:00:00;3.2633323669433594;True;'' '' '' '' '' '';93.1666653951009;176;99;0.0;361.04978642263;1264;asphalte;True;Mur;True;3.2633323669433594;;0.18313404991695398;;;2025-06-15 09:00:00;;2025-06-15 09:00:00;0.0;83081.4140625;291.3513488769531;47.237064361572266;1.3083423376083374;0.10875310003757477;500.0;5000.0
BRIANCON_05_AGG_CP;44.89836120605469;6.640040874481201;2025-06-15 10:00:00;4.260002136230469;True;'' '' '' '' '' '';94.16333516438802;176;99;0.0;361.04978642263;1264;asphalte;True;Mur;True;4.260002136230469;;0.12174336246149192;;;2025-06-15 10:00:00;;2025-06-15 10:00:00;0.043707218021154404;83051.6640625;292.7577209472656;69.82295227050781;1.573310375213623;-0.0009588412940502167;500.0;5000.0
BRIANCON_05_AGG_CP;44.89836120605469;6.640040874481201;2025-06-15 11:00:00;3.7666676839192803;True;'' '' '' '' '' '';93.67000071207683;176;99;0.0;361.04978642263;1264;asphalte;True;Mur;True;3.7666676839192803;;0.1783660987463541;;;2025-06-15 11:00:00;;2025-06-15 11:00:00;0.0;83027.9765625;293.78228759765625;76.86675262451172;1.7856593132019043;0.781623899936676;500.0;5000.0
BRIANCON_05_AGG_CP;44.89836120605469;6.640040874481201;2025-06-15 12:00:00;1.4199994405110772;True;'' '' '' '' '' '';91.32333246866862;176;99;0.0;361.04978642263;1264;asphalte;True;Mur;True;1.4199994405110772;;0.11145455896090575;;;2025-06-15 12:00:00;;2025-06-15 12:00:00;0.0;83009.0625;293.6175537109375;80.96549987792969;2.015004873275757;1.0089932680130005;500.0;5000.0
BRIANCON_05_AGG_CP;44.89836120605469;6.640040874481201;2025-06-15 13:00:00;3.9250005086263116;True;'' '' '' '' '' '';93.82833353678386;176;99;0.0;361.04978642263;1264;asphalte;True;Mur;True;3.9250005086263116;;0.2261297838432666;;;2025-06-15 13:00:00;;2025-06-15 13:00:00;0.05111721530556679;83033.40625;292.795166015625;94.9848403930664;1.8911285400390625;0.9336666464805603;2750.0;2974.7124
BRIANCON_05_AGG_CP;44.89836120605469;6.640040874481201;2025-06-15 14:00:00;2.573333740234375;True;'' '' '' '' '' '';92.47666676839192;176;99;0.0;361.04978642263;1264;asphalte;True;Mur;True;2.573333740234375;;0.20210873990025857;;;2025-06-15 14:00:00;;2025-06-15 14:00:00;0.06593721359968185;83025.2109375;292.07122802734375;89.2449951171875;1.6343613862991333;0.740934431552887;2750.0;2972.0688
BRIANCON_05_AGG_CP;44.89836120605469;6.640040874481201;2025-06-15 15:00:00;2.441666920979827;True;'' '' '' '' '' '';92.34499994913737;176;99;0.0;361.04978642263;1264;asphalte;True;Mur;True;2.441666920979827;;0.34526307594179295;;;2025-06-15 15:00:00;;2025-06-15 15:00:00;0.10861402004957199;82999.1640625;291.9673767089844;90.94463348388672;1.8451883792877197;0.9289952516555786;500.0;5000.0
BRIANCON_05_AGG_CP;44.89836120605469;6.640040874481201;2025-06-15 16:00:00;2.4133338928222656;True;'' '' '' '' '' '';92.31666692097981;176;99;0.0;361.04978642263;1264;asphalte;True;Mur;True;2.4133338928222656;;0.40321196089019434;;;2025-06-15 16:00:00;;2025-06-15 16:00:00;0.0;83001.84375;291.60748291015625;81.34406280517578;1.952372431755066;0.9798113107681274;500.0;5000.0
BRIANCON_05_AGG_CP;44.89836120605469;6.640040874481201;2025-06-15 17:00:00;3.286668141682952;True;'' '' '' '' '' '';93.1900011698405;176;99;0.0;361.04978642263;1264;asphalte;True;Mur;True;3.286668141682952;;0.21891307126417625;;;2025-06-15 17:00:00;;2025-06-15 17:00:00;0.0;82998.59375;291.02423095703125;64.49574279785156;1.8442041873931885;1.0610650777816772;500.0;5000.0
BRIANCON_05_AGG_CP;44.89836120605469;6.640040874481201;2025-06-15 18:00:00;1.8033332824707031;True;'' '' '' '' '' '';91.70666631062825;176;99;0.0;361.04978642263;1264;asphalte;True;Mur;True;1.8033332824707031;;0.16478393356864768;;;2025-06-15 18:00:00;;2025-06-15 18:00:00;0.0;83015.5234375;290.5303955078125;54.647762298583984;1.6324502229690552;0.8432679176330566;500.0;5000.0
BRIANCON_05_AGG_CP;44.89836120605469;6.640040874481201;2025-06-15 19:00:00;1.5533332824707031;True;'' '' '' '' '' '';91.45666631062825;176;99;0.0;361.04978642263;1264;asphalte;True;Mur;True;1.5533332824707031;;0.16627279387322266;;;2025-06-15 19:00:00;;2025-06-15 19:00:00;0.0;83000.6484375;289.84820556640625;45.716819763183594;1.8894504308700562;0.4265245795249939;500.0;5000.0
BRIANCON_05_AGG_CP;44.89836120605469;6.640040874481201;2025-06-15 20:00:00;1.756666819254562;True;'' '' '' '' '' '';91.65999984741211;176;99;0.0;361.04978642263;1264;asphalte;True;Mur;True;1.756666819254562;;0.17898780602185888;;;2025-06-15 20:00:00;;2025-06-15 20:00:00;0.0;83051.8203125;289.53948974609375;0.7477038502693176;1.8458888530731201;0.539707362651825;500.0;5000.0
BRIANCON_05_AGG_CP;44.89836120605469;6.640040874481201;2025-06-15 21:00:00;2.4816665649414062;True;'' '' '' '' '' '';92.38499959309895;176;99;0.0;361.04978642263;1264;asphalte;True;Mur;True;2.4816665649414062;;0.21169184569354293;;;2025-06-15 21:00:00;;2025-06-15 21:00:00;0.0;83085.953125;289.28338623046875;0.6449477076530457;1.455106258392334;0.5343456268310547;500.0;5000.0
BRIANCON_05_AGG_CP;44.89836120605469;6.640040874481201;2025-06-15 22:00:00;0.0;True;'' '' '' '' '' '';89.90333302815755;176;99;0.0;361.04978642263;1264;asphalte;True;Mur;True;0.0;;0.2965603836720815;;;2025-06-15 22:00:00;;2025-06-15 22:00:00;0.0;83091.21875;288.2682189941406;0.6307466626167297;0.8096855878829956;0.4689200520515442;500.0;5000.0
BRIANCON_05_AGG_CP;44.89836120605469;6.640040874481201;2025-06-15 23:00:00;2.0066655476888116;True;'' '' '' '' '' '';91.90999857584636;176;99;0.0;361.04978642263;1264;asphalte;True;Mur;True;2.0066655476888116;;0.40961067545620955;;;2025-06-15 23:00:00;;2025-06-15 23:00:00;0.0;83083.078125;287.20989990234375;0.6475236415863037;0.05908121168613434;0.4621650278568268;500.0;5000.0
BRIANCON_05_AGG_CP;44.89836120605469;6.640040874481201;2025-06-16 00:00:00;0.8816680908203125;True;'' '' '' '' '' '';90.78500111897786;176;99;0.0;361.04978642263;1264;asphalte;True;Mur;True;0.8816680908203125;;0.4907475792924332;;;2025-06-16 00:00:00;;2025-06-16 00:00:00;0.0;83053.1171875;287.1202087402344;1.9400714635849;-1.0111218690872192;0.24766677618026733;500.0;5000.0
BRIANCON_05_AGG_CP;44.89836120605469;6.640040874481201;2025-06-16 01:00:00;1.3650004069010464;True;'' '' '' '' '' '';91.2683334350586;176;99;0.0;361.04978642263;1264;asphalte;True;Mur;True;1.3650004069010464;;0.46581742369627976;;;2025-06-16 01:00:00;;2025-06-16 01:00:00;0.0;83067.890625;287.0299987792969;0.9347871541976929;-1.0709809064865112;0.2713686525821686;500.0;5000.0
BRIANCON_05_AGG_CP;44.89836120605469;6.640040874481201;2025-06-16 02:00:00;3.555001576741546;True;'' '' '' '' '' '';93.4583346048991;176;99;0.0;361.04978642263;1264;asphalte;True;Mur;True;3.555001576741546;;0.41814598658596047;;;2025-06-16 02:00:00;;2025-06-16 02:00:00;0.0;83043.8359375;286.59844970703125;0.9915921092033386;-0.9151573181152344;0.0401446595788002;500.0;5000.0
BRIANCON_05_AGG_CP;44.89836120605469;6.640040874481201;2025-06-16 03:00:00;1.1566658020019531;True;'' '' '' '' '' '';91.0599988301595;176;99;0.0;361.04978642263;1264;asphalte;True;Mur;True;1.1566658020019531;;0.39362797689315027;;;2025-06-16 03:00:00;;2025-06-16 03:00:00;0.0;83036.2890625;286.28680419921875;3.8100857734680176;-1.4274330139160156;-0.3515128195285797;500.0;5000.0
BRIANCON_05_AGG_CP;44.89836120605469;6.640040874481201;2025-06-16 04:00:00;2.288332621256515;True;'' '' '' '' '' '';92.19166564941406;176;99;0.0;361.04978642263;1264;asphalte;True;Mur;True;2.288332621256515;;0.3644425581629529;;;2025-06-16 04:00:00;;2025-06-16 04:00:00;0.0;83029.2109375;285.6004638671875;6.7120442390441895;-1.4321151971817017;-0.45600128173828125;500.0;5000.0
BRIANCON_05_AGG_CP;44.89836120605469;6.640040874481201;2025-06-16 05:00:00;1.2599995930989678;True;'' '' '' '' '' '';91.16333262125652;176;99;0.0;361.04978642263;1264;asphalte;True;Mur;True;1.2599995930989678;;0.36857528747796797;;;2025-06-16 05:00:00;;2025-06-16 05:00:00;0.0;83023.4921875;285.235107421875;5.473738193511963;-1.456735610961914;-0.22755469381809235;500.0;5000.0
BRIANCON_05_AGG_CP;44.89836120605469;6.640040874481201;2025-06-16 06:00:00;2.779998779296875;True;'' '' '' '' '' '';92.68333180745442;176;99;0.0;361.04978642263;1264;asphalte;True;Mur;True;2.779998779296875;;0.36986139248951916;;;2025-06-16 06:00:00;;2025-06-16 06:00:00;0.0;82986.40625;285.2081298828125;6.929195880889893;-1.338449239730835;0.15003710985183716;500.0;5000.0
BRIANCON_05_AGG_CP;44.89836120605469;6.640040874481201;2025-06-16 07:00:00;1.3016675313313897;True;'' '' '' '' '' '';91.20500055948894;176;99;0.0;361.04978642263;1264;asphalte;True;Mur;True;1.3016675313313897;;0.33422829933370257;;;2025-06-16 07:00:00;;2025-06-16 07:00:00;0.0;82900.3671875;286.3519287109375;20.120820999145508;-1.249037742614746;0.09084570407867432;500.0;5000.0
BRIANCON_05_AGG_CP;44.89836120605469;6.640040874481201;2025-06-16 08:00:00;3.161668141682952;True;'' '' '' '' '' '';93.0650011698405;176;99;0.0;361.04978642263;1264;asphalte;True;Mur;True;3.161668141682952;;0.2540598590880516;;;2025-06-16 08:00:00;;2025-06-16 08:00:00;0.0;82828.890625;287.9677429199219;35.902671813964844;-1.3383516073226929;-0.029813392087817192;500.0;5000.0
BRIANCON_05_AGG_CP;44.89836120605469;6.640040874481201;2025-06-16 09:00:00;2.5033340454101562;True;'' '' '' '' '' '';92.4066670735677;176;99;0.0;361.04978642263;1264;asphalte;True;Mur;True;2.5033340454101562;;0.18465442797868312;;;2025-06-16 09:00:00;;2025-06-16 09:00:00;0.0;82792.4375;289.5116271972656;48.904293060302734;-1.1895430088043213;-0.08552837371826172;500.0;5000.0
BRIANCON_05_AGG_CP;44.89836120605469;6.640040874481201;2025-06-16 10:00:00;1.2699991861979214;True;'' '' '' '' '' '';91.17333221435547;176;99;0.0;361.04978642263;1264;asphalte;True;Mur;True;1.2699991861979214;;0.15463019048794074;;;2025-06-16 10:00:00;;2025-06-16 10:00:00;0.0;82765.828125;290.77386474609375;60.999813079833984;-1.0685901641845703;-0.3694397211074829;500.0;5000.0
BRIANCON_05_AGG_CP;44.89836120605469;6.640040874481201;2025-06-16 11:00:00;3.02166748046875;True;'' '' '' '' '' '';92.9250005086263;176;99;0.0;361.04978642263;1264;asphalte;True;Mur;True;3.02166748046875;;0.14690096063413663;;;2025-06-16 11:00:00;;2025-06-16 11:00:00;0.0;82756.515625;291.79412841796875;72.25346374511719;-1.0949249267578125;-0.5136169195175171;500.0;5000.0
BRIANCON_05_AGG_CP;44.89836120605469;6.640040874481201;2025-06-16 12:00:00;1.1049982706705777;True;'' '' '' '' '' '';91.00833129882812;176;99;0.0;361.04978642263;1264;asphalte;True;Mur;True;1.1049982706705777;;0.14923344542538616;;;2025-06-16 12:00:00;;2025-06-16 12:00:00;0.0;82725.09375;292.5162658691406;80.45832824707031;-1.2021992206573486;-0.524419903755188;500.0;5000.0
BRIANCON_05_AGG_CP;44.89836120605469;6.640040874481201;2025-06-16 13:00:00;2.1933339436849053;True;'' '' '' '' '' '';92.09666697184245;176;99;0.0;361.04978642263;1264;asphalte;True;Mur;True;2.1933339436849053;;0.154441254706858;;;2025-06-16 13:00:00;;2025-06-16 13:00:00;0.0;82685.8828125;293.6419372558594;85.5035629272461;-0.7138680815696716;-0.2919042706489563;500.0;5000.0
BRIANCON_05_AGG_CP;44.89836120605469;6.640040874481201;2025-06-16 14:00:00;3.346668243408203;True;'' '' '' '' '' '';93.25000127156575;176;99;0.0;361.04978642263;1264;asphalte;True;Mur;True;3.346668243408203;;0.15927149735802532;;;2025-06-16 14:00:00;;2025-06-16 14:00:00;0.0;82679.2578125;294.0034484863281;83.63082885742188;-0.9883575439453125;-0.2060733139514923;500.0;5000.0
BRIANCON_05_AGG_CP;44.89836120605469;6.640040874481201;2025-06-16 15:00:00;2.566666920979827;True;'' '' '' '' '' '';92.46999994913737;176;99;0.0;361.04978642263;1264;asphalte;True;Mur;True;2.566666920979827;;0.16838608144550266;;;2025-06-16 15:00:00;;2025-06-16 15:00:00;0.0;82687.28125;294.0647888183594;81.28172302246094;-1.545339822769165;-0.11013005673885345;500.0;5000.0
BRIANCON_05_AGG_CP;44.89836120605469;6.640040874481201;2025-06-16 16:00:00;2.7800000508626397;True;'' '' '' '' '' '';92.68333307902019;176;99;0.0;361.04978642263;1264;asphalte;True;Mur;True;2.7800000508626397;;0.19125451954571035;;;2025-06-16 16:00:00;;2025-06-16 16:00:00;0.0;82721.1953125;293.6011047363281;75.61107635498047;-1.5656185150146484;-0.3146706223487854;500.0;5000.0
BRIANCON_05_AGG_CP;44.89836120605469;6.640040874481201;2025-06-16 17:00:00;1.9333343505859375;True;'' '' '' '' '' '';91.83666737874348;176;99;0.0;361.04978642263;1264;asphalte;True;Mur;True;1.9333343505859375;;0.23323864812175438;;;2025-06-16 17:00:00;;2025-06-16 17:00:00;0.0;82759.5234375;293.138671875;64.9919662475586;-0.7521705627441406;-0.39698079228401184;500.0;5000.0
BRIANCON_05_AGG_CP;44.89836120605469;6.640040874481201;2025-06-16 18:00:00;3.0616671244303433;True;'' '' '' '' '' '';92.96500015258789;176;99;0.0;361.04978642263;1264;asphalte;True;Mur;True;3.0616671244303433;;0.2893928017144373;;;2025-06-16 18:00:00;;2025-06-16 18:00:00;0.0;82821.65625;292.4514465332031;49.99067306518555;-0.4840688705444336;-0.4890580475330353;1750.0;2250.0
BRIANCON_05_AGG_CP;44.89836120605469;6.640040874481201;2025-06-16 19:00:00;2.608332316080734;True;'' '' '' '' '' '';92.51166534423828;176;99;0.0;361.04978642263;1264;asphalte;True;Mur;True;2.608332316080734;;0.33425737763596863;;;2025-06-16 19:00:00;;2025-06-16 19:00:00;0.0;82844.1796875;290.5406799316406;36.890384674072266;-0.9037554264068604;0.42033660411834717;500.0;5000.0
BRIANCON_05_AGG_CP;44.89836120605469;6.640040874481201;2025-06-16 20:00:00;0.6050008138020928;True;'' '' '' '' '' '';90.50833384195964;176;99;0.0;361.04978642263;1264;asphalte;True;Mur;True;0.6050008138020928;;0.338247252472737;;;2025-06-16 20:00:00;;2025-06-16 20:00:00;0.0;82926.4140625;289.6604919433594;0.7074890732765198;-0.9188670516014099;0.5831579566001892;500.0;5000.0
BRIANCON_05_AGG_CP;44.89836120605469;6.640040874481201;2025-06-16 21:00:00;1.651667277018234;True;'' '' '' '' '' '';91.55500030517578;176;99;0.0;361.04978642263;1264;asphalte;True;Mur;True;1.651667277018234;;0.3602857026390946;;;2025-06-16 21:00:00;;2025-06-16 21:00:00;0.0;82979.84375;289.17388916015625;0.5444280505180359;-0.601475715637207;0.9002239108085632;500.0;5000.0
BRIANCON_05_AGG_CP;44.89836120605469;6.640040874481201;2025-06-16 22:00:00;1.460000356038421;True;'' '' '' '' '' '';91.36333338419597;176;99;0.0;361.04978642263;1264;asphalte;True;Mur;True;1.460000356038421;;0.4734372074065296;;;2025-06-16 22:00:00;;2025-06-16 22:00:00;0.0;83018.7109375;288.3609313964844;0.30507734417915344;-0.40507227182388306;1.2911351919174194;500.0;5000.0
BRIANCON_05_AGG_CP;44.89836120605469;6.640040874481201;2025-06-16 23:00:00;1.0966669718424527;True;'' '' '' '' '' '';90.8933334350586;176;99;0.0;361.04978642263;1264;asphalte;True;Mur;True;1.0966669718424527;;0.6614819044077624;;;2025-06-16 23:00:00;;2025-06-16 23:00:00;0.0;83033.6484375;287.041259765625;0.20000000298023224;-0.476619154214859;1.215689778327942;500.0;5000.0
BRIANCON_05_AGG_CP;44.89836120605469;6.640040874481201;2025-06-17 00:00:00;2.253332773844406;True;'' '' '' '' '' '';92.04999923706055;176;99;0.0;361.04978642263;1264;asphalte;True;Mur;True;2.253332773844406;;0.8611755839688096;;;2025-06-17 00:00:00;;2025-06-17 00:00:00;0.0;83030.8671875;285.7886962890625;0.35786452889442444;-0.46579709649086;0.9734097123146057;500.0;5000.0
BRIANCON_05_AGG_CP;44.89836120605469;6.640040874481201;2025-06-17 01:00:00;4.056667327880859;True;'' '' '' '' '' '';93.853333791097;176;99;0.0;361.04978642263;1264;asphalte;True;Mur;True;4.056667327880859;;1.0270581260463096;;;2025-06-17 01:00:00;;2025-06-17 01:00:00;0.0;83011.3359375;284.6713562011719;0.8633047342300415;-0.18283876776695251;0.9539873003959656;500.0;5000.0
BRIANCON_05_AGG_CP;44.89836120605469;6.640040874481201;2025-06-17 02:00:00;4.431666056315109;True;'' '' '' '' '' '';94.22833251953125;176;99;0.0;361.04978642263;1264;asphalte;True;Mur;True;4.431666056315109;;1.1450637313337175;;;2025-06-17 02:00:00;;2025-06-17 02:00:00;0.0;82998.9453125;284.34918212890625;0.8251999020576477;0.22165624797344208;0.8089926242828369;500.0;5000.0
BRIANCON_05_AGG_CP;44.89836120605469;6.640040874481201;2025-06-17 03:00:00;2.8683344523112027;True;'' '' '' '' '' '';92.66500091552734;176;99;0.0;361.04978642263;1264;asphalte;True;Mur;True;2.8683344523112027;;1.2168578644722317;;;2025-06-17 03:00:00;;2025-06-17 03:00:00;0.0;83007.265625;284.1885986328125;0.3288979232311249;0.2194531261920929;0.8442617058753967;500.0;5000.0
BRIANCON_05_AGG_CP;44.89836120605469;6.640040874481201;2025-06-17 04:00:00;3.781665802001953;True;'' '' '' '' '' '';93.5783322652181;176;99;0.0;361.04978642263;1264;asphalte;True;Mur;True;3.781665802001953;;1.2465512021046787;;;2025-06-17 04:00:00;;2025-06-17 04:00:00;0.0;83004.140625;283.8937072753906;0.4580533802509308;0.07412910461425781;0.7683957815170288;500.0;5000.0
BRIANCON_05_AGG_CP;44.89836120605469;6.640040874481201;2025-06-17 05:00:00;3.941664377848312;True;'' '' '' '' '' '';93.73833084106445;176;99;0.0;361.04978642263;1264;asphalte;True;Mur;True;3.941664377848312;;1.248176952420299;;;2025-06-17 05:00:00;;2025-06-17 05:00:00;0.0;82994.828125;283.6878967285156;0.3948169946670532;0.38925647735595703;1.1537472009658813;500.0;5000.0
BRIANCON_05_AGG_CP;44.89836120605469;6.640040874481201;2025-06-17 06:00:00;3.4933319091796875;True;'' '' '' '' '' '';93.28999837239583;176;99;0.0;361.04978642263;1264;asphalte;True;Mur;True;3.4933319091796875;;1.2096257589327974;;;2025-06-17 06:00:00;;2025-06-17 06:00:00;0.0;82958.671875;284.20489501953125;0.4647211730480194;0.27495574951171875;0.9672536253929138;500.0;5000.0
BRIANCON_05_AGG_CP;44.89836120605469;6.640040874481201;2025-06-17 07:00:00;3.3050003051757812;True;'' '' '' '' '' '';93.10166676839192;176;99;0.0;361.04978642263;1264;asphalte;True;Mur;True;3.3050003051757812;;1.1456953549933424;;;2025-06-17 07:00:00;;2025-06-17 07:00:00;0.0;82913.8046875;285.9464416503906;0.30066999793052673;0.3757096529006958;0.5651360750198364;500.0;5000.0
BRIANCON_05_AGG_CP;44.89836120605469;6.640040874481201;2025-06-17 08:00:00;4.356666564941406;True;'' '' '' '' '' '';94.15333302815755;176;99;0.0;361.04978642263;1264;asphalte;True;Mur;True;4.356666564941406;;0.8361999569335421;;;2025-06-17 08:00:00;;2025-06-17 08:00:00;0.0;82865.046875;288.1929626464844;17.245126724243164;0.9230062365531921;0.16959765553474426;500.0;5000.0
BRIANCON_05_AGG_CP;44.89836120605469;6.640040874481201;2025-06-17 09:00:00;4.151667277018234;True;'' '' '' '' '' '';93.94833374023438;176;99;0.0;361.04978642263;1264;asphalte;True;Mur;True;4.151667277018234;;0.4540655937183835;;;2025-06-17 09:00:00;;2025-06-17 09:00:00;0.0;82840.5;290.37530517578125;48.31467819213867;1.027612328529358;0.14743554592132568;500.0;5000.0
BRIANCON_05_AGG_CP;44.89836120605469;6.640040874481201;2025-06-17 10:00:00;4.128334045410156;True;'' '' '' '' '' '';93.9250005086263;176;99;0.0;361.04978642263;1264;asphalte;True;Mur;True;4.128334045410156;;0.24590393198249683;;;2025-06-17 10:00:00;;2025-06-17 10:00:00;0.0;82812.640625;292.3489074707031;63.984642028808594;0.9725381135940552;-0.0313710942864418;500.0;5000.0
BRIANCON_05_AGG_CP;44.89836120605469;6.640040874481201;2025-06-17 11:00:00;3.0650011698404995;True;'' '' '' '' '' '';92.86166763305664;176;99;0.0;361.04978642263;1264;asphalte;True;Mur;True;3.0650011698404995;;0.15146109464281993;;;2025-06-17 11:00:00;;2025-06-17 11:00:00;0.0;82798.0859375;294.0013122558594;73.60730743408203;0.7717084884643555;-0.006624999921768904;500.0;5000.0
BRIANCON_05_AGG_CP;44.89836120605469;6.640040874481201;2025-06-17 12:00:00;3.281667073567718;True;'' '' '' '' '' '';93.07833353678386;176;99;0.0;361.04978642263;1264;asphalte;True;Mur;True;3.281667073567718;;0.1160005075394148;;;2025-06-17 12:00:00;;2025-06-17 12:00:00;0.0;82778.6484375;295.01739501953125;75.89697265625;0.537592887878418;0.15744781494140625;500.0;5000.0
BRIANCON_05_AGG_CP;44.89836120605469;6.640040874481201;2025-06-17 13:00:00;4.123334248860687;True;'' '' '' '' '' '';93.92000071207683;176;99;0.0;361.04978642263;1264;asphalte;True;Mur;True;4.123334248860687;;0.11530538486905287;;;2025-06-17 13:00:00;;2025-06-17 13:00:00;0.0;82775.984375;295.4715576171875;79.98555755615234;0.00504031777381897;0.23455193638801575;500.0;5000.0
BRIANCON_05_AGG_CP;44.89836120605469;6.640040874481201;2025-06-17 14:00:00;2.126667022705078;True;'' '' '' '' '' '';91.92333348592122;176;99;0.0;361.04978642263;1264;asphalte;True;Mur;True;2.126667022705078;;0.1376733078125962;;;2025-06-17 14:00:00;;2025-06-17 14:00:00;0.0;82785.6328125;295.5530090332031;77.9617691040039;-0.1610657274723053;0.10030198842287064;500.0;5000.0
BRIANCON_05_AGG_CP;44.89836120605469;6.640040874481201;2025-06-17 15:00:00;1.9083353678385464;True;'' '' '' '' '' '';91.70500183105469;176;99;0.0;361.04978642263;1264;asphalte;True;Mur;True;1.9083353678385464;;0.18231879629062794;;;2025-06-17 15:00:00;;2025-06-17 15:00:00;0.0;82799.8125;295.5044860839844;76.01564025878906;-0.017498677596449852;0.009059419855475426;500.0;5000.0
BRIANCON_05_AGG_CP;44.89836120605469;6.640040874481201;2025-06-17 16:00:00;2.6366678873697964;True;'' '' '' '' '' '';92.43333435058594;176;99;0.0;361.04978642263;1264;asphalte;True;Mur;True;2.6366678873697964;;0.23456495534986133;;;2025-06-17 16:00:00;;2025-06-17 16:00:00;0.0;82816.6640625;295.3260498046875;69.17359924316406;0.4059993326663971;-0.20645290613174438;500.0;5000.0
BRIANCON_05_AGG_CP;44.89836120605469;6.640040874481201;2025-06-17 17:00:00;2.8416659037272183;True;'' '' '' '' '' '';92.63833236694336;176;99;0.0;361.04978642263;1264;asphalte;True;Mur;True;2.8416659037272183;;0.2948883325026852;;;2025-06-17 17:00:00;;2025-06-17 17:00:00;0.0;82849.96875;294.2760925292969;56.69771957397461;0.6599839329719543;-1.1495782136917114;500.0;5000.0
BRIANCON_05_AGG_CP;44.89836120605469;6.640040874481201;2025-06-17 18:00:00;1.9283345540364678;True;'' '' '' '' '' '';91.72500101725261;176;99;0.0;361.04978642263;1264;asphalte;True;Mur;True;1.9283345540364678;;0.3665697140362717;;;2025-06-17 18:00:00;;2025-06-17 18:00:00;0.0;82922.4765625;292.2740783691406;51.190093994140625;0.527411699295044;-1.7057617902755737;500.0;5000.0
BRIANCON_05_AGG_CP;44.89836120605469;6.640040874481201;2025-06-17 19:00:00;1.5083338419596402;True;'' '' '' '' '' '';91.30500030517578;176;99;0.0;361.04978642263;1264;asphalte;True;Mur;True;1.5083338419596402;;0.4183236764800091;;;2025-06-17 19:00:00;;2025-06-17 19:00:00;0.0;82940.7265625;291.60906982421875;19.290830612182617;0.6852317452430725;-1.2209868431091309;500.0;5000.0
BRIANCON_05_AGG_CP;44.89836120605469;6.640040874481201;2025-06-17 20:00:00;2.126668294270843;True;'' '' '' '' '' '';91.92333475748698;176;99;0.0;361.04978642263;1264;asphalte;True;Mur;True;2.126668294270843;;0.4458996160586898;;;2025-06-17 20:00:00;;2025-06-17 20:00:00;0.0;83019.265625;290.7731018066406;0.20000000298023224;0.7523667812347412;-0.4714544713497162;500.0;5000.0
BRIANCON_05_AGG_CP;44.89836120605469;6.640040874481201;2025-06-17 21:00:00;1.7383333841959683;True;'' '' '' '' '' '';91.53499984741211;176;99;0.0;361.04978642263;1264;asphalte;True;Mur;True;1.7383333841959683;;0.5023490900601252;;;2025-06-17 21:00:00;;2025-06-17 21:00:00;0.0;83067.6796875;289.7646179199219;0.20000000298023224;0.7498383522033691;0.30211034417152405;500.0;5000.0
BRIANCON_05_AGG_CP;44.89836120605469;6.640040874481201;2025-06-17 22:00:00;0.4583333333333286;True;'' '' '' '' '' '';89.79666646321614;176;99;0.0;361.04978642263;1264;asphalte;True;Mur;True;0.4583333333333286;;0.6223123091061294;;;2025-06-17 22:00:00;;2025-06-17 22:00:00;0.0;83103.1640625;288.625732421875;0.26154235005378723;0.48392850160598755;0.9380113482475281;375.0;500.0
BRIANCON_05_AGG_CP;44.89836120605469;6.640040874481201;2025-06-17 23:00:00;1.901667277018234;True;'' '' '' '' '' '';91.24000040690105;176;99;0.0;361.04978642263;1264;asphalte;True;Mur;True;1.901667277018234;;0.7481531995486013;;;2025-06-17 23:00:00;;2025-06-17 23:00:00;0.0;83113.640625;287.457763671875;0.6469526290893555;0.09764517098665237;0.6667059063911438;250.0;500.0
BRIANCON_05_AGG_CP;44.89836120605469;6.640040874481201;2025-06-18 00:00:00;3.004999796549484;True;'' '' '' '' '' '';92.3433329264323;176;99;0.0;361.04978642263;1264;asphalte;True;Mur;True;3.004999796549484;;0.9285768443230424;;;2025-06-18 00:00:00;;2025-06-18 00:00:00;0.0;83110.7109375;286.6334228515625;0.6386539936065674;-0.21184349060058594;0.6187114715576172;250.0;500.0
BRIANCON_05_AGG_CP;44.89836120605469;6.640040874481201;2025-06-18 01:00:00;2.7500012715657505;True;'' '' '' '' '' '';92.08833440144856;176;99;0.0;361.04978642263;1264;asphalte;True;Mur;True;2.7500012715657505;;1.107776760947421;;;2025-06-18 01:00:00;;2025-06-18 01:00:00;0.0;83105.796875;285.75421142578125;0.5817646384239197;-0.28608131408691406;0.5641250610351562;100.0;625.0
BRIANCON_05_AGG_CP;44.89836120605469;6.640040874481201;2025-06-18 02:00:00;3.1399993896484375;True;'' '' '' '' '' '';92.47833251953125;176;99;0.0;361.04978642263;1264;asphalte;True;Mur;True;3.1399993896484375;;1.248182709533835;;;2025-06-18 02:00:00;;2025-06-18 02:00:00;0.0;83089.2421875;285.44696044921875;0.44945016503334045;-0.29570508003234863;0.5127500295639038;250.0;625.0
BRIANCON_05_AGG_CP;44.89836120605469;6.640040874481201;2025-06-18 03:00:00;1.9333318074544223;True;'' '' '' '' '' '';91.27166493733723;176;99;0.0;361.04978642263;1264;asphalte;True;Mur;True;1.9333318074544223;;1.3358653050930813;;;2025-06-18 03:00:00;;2025-06-18 03:00:00;0.0;83089.3671875;285.43426513671875;0.5217048525810242;-0.5377363562583923;0.6314160227775574;875.0;1000.0
BRIANCON_05_AGG_CP;44.89836120605469;6.640040874481201;2025-06-18 04:00:00;2.718334197998047;True;'' '' '' '' '' '';92.05666732788086;176;99;0.0;361.04978642263;1264;asphalte;True;Mur;True;2.718334197998047;;1.3825952101947925;;;2025-06-18 04:00:00;;2025-06-18 04:00:00;0.0;83084.671875;285.4190673828125;0.5870654582977295;-0.7225903868675232;0.5885391235351562;875.0;1000.0
BRIANCON_05_AGG_CP;44.89836120605469;6.640040874481201;2025-06-18 05:00:00;2.1449991861979214;True;'' '' '' '' '' '';91.48333231608073;176;99;0.0;361.04978642263;1264;asphalte;True;Mur;True;2.1449991861979214;;1.4145774395596389;;;2025-06-18 05:00:00;;2025-06-18 05:00:00;0.0;83090.9765625;285.540283203125;0.5629010200500488;-0.623214840888977;0.4918612539768219;500.0;5000.0
BRIANCON_05_AGG_CP;44.89836120605469;6.640040874481201;2025-06-18 06:00:00;3.021664937337235;True;'' '' '' '' '' '';92.35999806722005;176;99;0.0;361.04978642263;1264;asphalte;True;Mur;True;3.021664937337235;;1.4393803531888294;;;2025-06-18 06:00:00;;2025-06-18 06:00:00;0.0;83072.078125;286.1524353027344;0.45994311571121216;-0.5322131514549255;0.4530884325504303;500.0;5000.0
BRIANCON_05_AGG_CP;44.89836120605469;6.640040874481201;2025-06-18 07:00:00;2.11666615804036;True;'' '' '' '' '' '';91.45499928792317;176;99;0.0;361.04978642263;1264;asphalte;True;Mur;True;2.11666615804036;;1.3640221764588123;;;2025-06-18 07:00:00;;2025-06-18 07:00:00;0.0;83044.9140625;287.4127197265625;0.3583090901374817;-0.46593475341796875;0.17274202406406403;500.0;5000.0
BRIANCON_05_AGG_CP;44.89836120605469;6.640040874481201;2025-06-18 08:00:00;2.7900009155273438;True;'' '' '' '' '' '';92.12833404541016;176;99;0.0;361.04978642263;1264;asphalte;True;Mur;True;2.7900009155273438;;1.15187254266097;;;2025-06-18 08:00:00;;2025-06-18 08:00:00;0.0;83011.84375;289.1923828125;13.491941452026367;-0.17766600847244263;-0.14294122159481049;500.0;5000.0
BRIANCON_05_AGG_CP;44.89836120605469;6.640040874481201;2025-06-18 09:00:00;3.6349995930989536;True;'' '' '' '' '' '';92.97333272298177;176;99;0.0;361.04978642263;1264;asphalte;True;Mur;True;3.6349995930989536;;0.937373421071308;;;2025-06-18 09:00:00;;2025-06-18 09:00:00;0.0;82990.8359375;291.0368957519531;29.461669921875;0.27235591411590576;-0.2961786091327667;500.0;5000.0
BRIANCON_05_AGG_CP;44.89836120605469;6.640040874481201;2025-06-18 10:00:00;3.868333180745438;True;'' '' '' '' '' '';93.20666631062825;176;99;0.0;361.04978642263;1264;asphalte;True;Mur;True;3.868333180745438;;0.7754527976775588;;;2025-06-18 10:00:00;;2025-06-18 10:00:00;0.0;82967.703125;292.7239074707031;45.92827224731445;0.7207342386245728;-0.21382753551006317;500.0;5000.0
BRIANCON_05_AGG_CP;44.89836120605469;6.640040874481201;2025-06-18 11:00:00;3.3816680908203125;True;'' '' '' '' '' '';92.72000122070312;176;99;0.0;361.04978642263;1264;asphalte;True;Mur;True;3.3816680908203125;;0.6498193584787704;;;2025-06-18 11:00:00;;2025-06-18 11:00:00;0.0;82957.140625;293.9970703125;57.712345123291016;1.053458571434021;-0.2246602475643158;500.0;5000.0
BRIANCON_05_AGG_CP;44.89836120605469;6.640040874481201;2025-06-18 12:00:00;4.170000712076828;True;'' '' '' '' '' '';93.50833384195964;176;99;0.0;361.04978642263;1264;asphalte;True;Mur;True;4.170000712076828;;0.5561951778049884;;;2025-06-18 12:00:00;;2025-06-18 12:00:00;0.0;82929.203125;295.1127624511719;78.82106018066406;1.4589046239852905;-0.353272020816803;500.0;5000.0
BRIANCON_05_AGG_CP;44.89836120605469;6.640040874481201;2025-06-18 13:00:00;2.875;True;'' '' '' '' '' '';92.21333312988281;176;99;0.0;361.04978642263;1264;asphalte;True;Mur;True;2.875;;0.4716748964062739;;;2025-06-18 13:00:00;;2025-06-18 13:00:00;0.0;82903.4140625;296.0816345214844;83.16618347167969;1.276767373085022;-0.6722155213356018;500.0;5000.0
BRIANCON_05_AGG_CP;44.89836120605469;6.640040874481201;2025-06-18 14:00:00;3.3666674296061245;True;'' '' '' '' '' '';92.70500055948894;176;99;0.0;361.04978642263;1264;asphalte;True;Mur;True;3.3666674296061245;;0.41955740639511296;;;2025-06-18 14:00:00;;2025-06-18 14:00:00;0.0;82892.90625;296.6369323730469;78.65253448486328;1.4748250246047974;-1.2727516889572144;500.0;5000.0
BRIANCON_05_AGG_CP;44.89836120605469;6.640040874481201;2025-06-18 15:00:00;1.9883333841959683;True;'' '' '' '' '' '';91.32666651407878;176;99;0.0;361.04978642263;1264;asphalte;True;Mur;True;1.9883333841959683;;0.4193744960676038;;;2025-06-18 15:00:00;;2025-06-18 15:00:00;0.0;82893.6875;296.4384460449219;76.11284637451172;1.4033305644989014;-1.7224931716918945;500.0;5000.0
BRIANCON_05_AGG_CP;44.89836120605469;6.640040874481201;2025-06-18 16:00:00;3.09499867757161;True;'' '' '' '' '' '';92.43333180745442;176;99;0.0;361.04978642263;1264;asphalte;True;Mur;True;3.09499867757161;;0.43354285005764437;;;2025-06-18 16:00:00;;2025-06-18 16:00:00;0.0;82914.453125;296.0215148925781;70.268798828125;1.5713906288146973;-1.0964276790618896;500.0;5000.0
BRIANCON_05_AGG_CP;44.89836120605469;6.640040874481201;2025-06-18 17:00:00;3.6383323669433594;True;'' '' '' '' '' '';92.97666549682617;176;99;0.0;361.04978642263;1264;asphalte;True;Mur;True;3.6383323669433594;;0.427850138130792;;;2025-06-18 17:00:00;;2025-06-18 17:00:00;0.0;82957.7109375;295.0591735839844;62.0735969543457;1.8559322357177734;-0.603058397769928;2301.1821;2500.0
BRIANCON_05_AGG_CP;44.89836120605469;6.640040874481201;2025-06-18 18:00:00;3.9850006103515625;True;'' '' '' '' '' '';93.32333374023438;176;99;0.0;361.04978642263;1264;asphalte;True;Mur;True;3.9850006103515625;;0.4081994264088992;;;2025-06-18 18:00:00;;2025-06-18 18:00:00;0.0;83014.375;293.9091491699219;51.829437255859375;1.6282187700271606;-0.7159397006034851;1500.0;2750.0
BRIANCON_05_AGG_CP;44.89836120605469;6.640040874481201;2025-06-18 19:00:00;2.0850016276041714;True;'' '' '' '' '' '';91.42333475748698;176;99;0.0;361.04978642263;1264;asphalte;True;Mur;True;2.0850016276041714;;0.3809127329962997;;;2025-06-18 19:00:00;;2025-06-18 19:00:00;0.0;83012.3515625;292.87554931640625;37.13349533081055;1.6830097436904907;-0.5126974582672119;500.0;5000.0
BRIANCON_05_AGG_CP;44.89836120605469;6.640040874481201;2025-06-18 20:00:00;4.444999694824219;True;'' '' '' '' '' '';93.78333282470703;176;99;0.0;361.04978642263;1264;asphalte;True;Mur;True;4.444999694824219;;0.35190029601221695;;;2025-06-18 20:00:00;;2025-06-18 20:00:00;0.0;83072.6875;291.80010986328125;15.105000495910645;1.6812114715576172;-0.09092781692743301;1375.0;1500.0
BRIANCON_05_AGG_CP;44.89836120605469;6.640040874481201;2025-06-18 21:00:00;0.0;True;'' '' '' '' '' '';89.33833312988281;176;99;0.0;361.04978642263;1264;asphalte;True;Mur;True;0.0;;0.349782800380255;;;2025-06-18 21:00:00;;2025-06-18 21:00:00;0.0;83119.8046875;290.7956848144531;0.2441428303718567;1.280588150024414;0.13860593736171722;500.0;5000.0
BRIANCON_05_AGG_CP;44.89836120605469;6.640040874481201;2025-06-18 22:00:00;2.140000661214188;True;'' '' '' '' '' '';91.478333791097;176;99;0.0;361.04978642263;1264;asphalte;True;Mur;True;2.140000661214188;;0.42130439761867144;;;2025-06-18 22:00:00;;2025-06-18 22:00:00;0.0;83168.4375;289.9798889160156;0.3365917205810547;0.9237051010131836;0.42070579528808594;500.0;5000.0
BRIANCON_05_AGG_CP;44.89836120605469;6.640040874481201;2025-06-18 23:00:00;1.4116668701171875;True;'' '' '' '' '' '';90.75;176;99;0.0;361.04978642263;1264;asphalte;True;Mur;True;1.4116668701171875;;0.5816116143385341;;;2025-06-18 23:00:00;;2025-06-18 23:00:00;0.0;83191.9296875;289.1289367675781;0.3831894099712372;0.5195683836936951;0.658076286315918;500.0;5000.0
BRIANCON_05_AGG_CP;44.89836120605469;6.640040874481201;2025-06-19 00:00:00;2.501667022705078;True;'' '' '' '' '' '';91.84000015258789;176;99;0.0;361.04978642263;1264;asphalte;True;Mur;True;2.501667022705078;;0.8048384224704219;;;2025-06-19 00:00:00;;2025-06-19 00:00:00;0.0;83194.671875;287.9856262207031;0.6113134026527405;-0.3529062569141388;0.3664343059062958;500.0;5000.0
BRIANCON_05_AGG_CP;44.89836120605469;6.640040874481201;2025-06-19 01:00:00;4.183333079020187;True;'' '' '' '' '' '';93.521666208903;176;99;0.0;361.04978642263;1264;asphalte;True;Mur;True;4.183333079020187;;1.0476697634431709;;;2025-06-19 01:00:00;;2025-06-19 01:00:00;0.0;83212.859375;286.6861267089844;0.8086527585983276;-1.0938607454299927;0.03632916137576103;500.0;5000.0
BRIANCON_05_AGG_CP;44.89836120605469;6.640040874481201;2025-06-19 02:00:00;0.7433357238769531;True;'' '' '' '' '' '';90.08166885375977;176;99;0.0;361.04978642263;1264;asphalte;True;Mur;True;0.7433357238769531;;1.2622778798772327;;;2025-06-19 02:00:00;;2025-06-19 02:00:00;0.0;83189.921875;285.8992004394531;0.7539350390434265;-1.1996198892593384;0.1010136753320694;500.0;5000.0
BRIANCON_05_AGG_CP;44.89836120605469;6.640040874481201;2025-06-19 03:00:00;4.481667836507157;True;'' '' '' '' '' '';93.82000096638997;176;99;0.0;361.04978642263;1264;asphalte;True;Mur;True;4.481667836507157;;1.3903960990359343;;;2025-06-19 03:00:00;;2025-06-19 03:00:00;0.0;83193.5;285.4734191894531;0.690231442451477;-1.1506471633911133;0.048259273171424866;500.0;5000.0
BRIANCON_05_AGG_CP;44.89836120605469;6.640040874481201;2025-06-19 04:00:00;3.391667683919266;True;'' '' '' '' '' '';92.73000081380208;176;99;0.0;361.04978642263;1264;asphalte;True;Mur;True;3.391667683919266;;1.441751113027273;;;2025-06-19 04:00:00;;2025-06-19 04:00:00;0.0;83187.15625;285.05169677734375;0.6558157801628113;-1.0457783937454224;0.05476735532283783;500.0;5000.0
BRIANCON_05_AGG_CP;44.89836120605469;6.640040874481201;2025-06-19 05:00:00;2.76333363850911;True;'' '' '' '' '' '';92.10166676839192;176;99;0.0;361.04978642263;1264;asphalte;True;Mur;True;2.76333363850911;;1.4582391934594985;;;2025-06-19 05:00:00;;2025-06-19 05:00:00;0.0;83176.484375;285.0274353027344;0.5745417475700378;-1.0315265655517578;0.07672224193811417;500.0;5000.0
BRIANCON_05_AGG_CP;44.89836120605469;6.640040874481201;2025-06-19 06:00:00;2.276667277018234;True;'' '' '' '' '' '';91.61500040690105;176;99;0.0;361.04978642263;1264;asphalte;True;Mur;True;2.276667277018234;;1.4593711005275734;;;2025-06-19 06:00:00;;2025-06-19 06:00:00;0.0;83137.234375;285.950439453125;0.4776745140552521;-0.921093761920929;-0.02186652272939682;500.0;5000.0
BRIANCON_05_AGG_CP;44.89836120605469;6.640040874481201;2025-06-19 07:00:00;5.120001475016281;True;'' '' '' '' '' '';94.4583346048991;176;99;0.0;361.04978642263;1264;asphalte;True;Mur;True;5.120001475016281;;1.3359435628058913;;;2025-06-19 07:00:00;;2025-06-19 07:00:00;0.0;83075.9921875;287.8551025390625;0.96108078956604;-0.30054664611816406;-0.4133555591106415;500.0;5000.0
BRIANCON_05_AGG_CP;44.89836120605469;6.640040874481201;2025-06-19 08:00:00;6.140000661214188;True;'' '' '' '' '' '';95.478333791097;176;99;0.0;361.04978642263;1264;asphalte;True;Mur;True;6.140000661214188;;1.0861006430155917;;;2025-06-19 08:00:00;;2025-06-19 08:00:00;0.0;83030.46875;289.7201843261719;12.176202774047852;0.02160937525331974;-0.5864073634147644;500.0;5000.0
BRIANCON_05_AGG_CP;44.89836120605469;6.640040874481201;2025-06-19 09:00:00;5.8383331298828125;True;'' '' '' '' '' '';95.17666625976562;176;99;0.0;361.04978642263;1264;asphalte;True;Mur;True;5.8383331298828125;;0.9017452800089143;;;2025-06-19 09:00:00;;2025-06-19 09:00:00;0.0;82996.953125;291.5864562988281;30.693706512451172;0.4813457131385803;-0.5555990934371948;500.0;5000.0
BRIANCON_05_AGG_CP;44.89836120605469;6.640040874481201;2025-06-19 10:00:00;4.458333333333329;True;'' '' '' '' '' '';93.79666646321614;176;99;0.0;361.04978642263;1264;asphalte;True;Mur;True;4.458333333333329;;0.754938396952537;;;2025-06-19 10:00:00;;2025-06-19 10:00:00;0.0;82965.2890625;293.1348876953125;54.07173156738281;0.9406204223632812;-0.4050943851470947;500.0;5000.0
BRIANCON_05_AGG_CP;44.89836120605469;6.640040874481201;2025-06-19 11:00:00;2.918332417805985;True;'' '' '' '' '' '';92.2566655476888;176;99;0.0;361.04978642263;1264;asphalte;True;Mur;True;2.918332417805985;;0.6487103822866436;;;2025-06-19 11:00:00;;2025-06-19 11:00:00;0.0;82949.4765625;294.4234619140625;72.43521881103516;1.3146591186523438;-0.14281249046325684;500.0;5000.0
BRIANCON_05_AGG_CP;44.89836120605469;6.640040874481201;2025-06-19 12:00:00;3.48666636149089;True;'' '' '' '' '' '';92.8249994913737;176;99;0.0;361.04978642263;1264;asphalte;True;Mur;True;3.48666636149089;;0.5688530701174199;;;2025-06-19 12:00:00;;2025-06-19 12:00:00;0.0;82921.84375;295.4713439941406;81.30603790283203;1.6791152954101562;0.12999680638313293;500.0;5000.0
BRIANCON_05_AGG_CP;44.89836120605469;6.640040874481201;2025-06-19 13:00:00;1.7633336385091098;True;'' '' '' '' '' '';91.10166676839192;176;99;0.0;361.04978642263;1264;asphalte;True;Mur;True;1.7633336385091098;;0.5062693428543874;;;2025-06-19 13:00:00;;2025-06-19 13:00:00;0.0;82881.3984375;296.33258056640625;88.93919372558594;2.0740716457366943;0.20850348472595215;500.0;5000.0
BRIANCON_05_AGG_CP;44.89836120605469;6.640040874481201;2025-06-19 14:00:00;3.3333346048990933;True;'' '' '' '' '' '';92.6716677347819;176;99;0.0;361.04978642263;1264;asphalte;True;Mur;True;3.3333346048990933;;0.47062075916003143;;;2025-06-19 14:00:00;;2025-06-19 14:00:00;0.0;82847.328125;296.8012390136719;89.9015884399414;2.231760025024414;0.9820265769958496;500.0;5000.0
BRIANCON_05_AGG_CP;44.89836120605469;6.640040874481201;2025-06-19 15:00:00;4.555001576741532;True;'' '' '' '' '' '';93.89333470662434;176;99;0.0;361.04978642263;1264;asphalte;True;Mur;True;4.555001576741532;;0.9994734532191296;;;2025-06-19 15:00:00;;2025-06-19 15:00:00;0.4251176118850708;82884.5546875;295.32537841796875;84.4259262084961;0.23096975684165955;0.6575698852539062;1750.0;8800.0
BRIANCON_05_AGG_CP;44.89836120605469;6.640040874481201;2025-06-19 16:00:00;5.765000661214188;True;'' '' '' '' '' '';95.103333791097;176;99;0.0;361.04978642263;1264;asphalte;True;Mur;True;5.765000661214188;;15.678396081408863;;;2025-06-19 16:00:00;;2025-06-19 16:00:00;5.984684944152832;82932.3515625;294.0372619628906;64.30133056640625;0.21328319609165192;-0.8113083839416504;2296.9668;2500.0
BRIANCON_05_AGG_CP;44.89836120605469;6.640040874481201;2025-06-19 17:00:00;10.676666259765625;True;'' '' '' '' '' '';100.01499938964844;176;99;0.0;361.04978642263;1264;asphalte;True;Mur;True;10.676666259765625;;15.105768198797609;;;2025-06-19 17:00:00;;2025-06-19 17:00:00;4.848509788513184;83007.6015625;291.5013732910156;13.291881561279297;0.995312511920929;-1.7758570909500122;1500.0;2000.0
BRIANCON_05_AGG_CP;44.89836120605469;6.640040874481201;2025-06-19 18:00:00;10.946665445963546;True;'' '' '' '' '' '';100.28499857584636;176;99;0.0;361.04978642263;1264;asphalte;True;Mur;True;10.946665445963546;;8.480154859574762;;;2025-06-19 18:00:00;;2025-06-19 18:00:00;0.0;83049.25;290.9037170410156;4.405539035797119;0.683218777179718;-0.706261932849884;500.0;5000.0
BRIANCON_05_AGG_CP;44.89836120605469;6.640040874481201;2025-06-19 19:00:00;6.653333028157547;True;'' '' '' '' '' '';95.99166615804036;176;99;0.0;361.04978642263;1264;asphalte;True;Mur;True;6.653333028157547;;2.8886972891842277;;;2025-06-19 19:00:00;;2025-06-19 19:00:00;0.0;83045.546875;290.18218994140625;0.4838927090167999;0.35483551025390625;-0.3673630952835083;500.0;5000.0
BRIANCON_05_AGG_CP;44.89836120605469;6.640040874481201;2025-06-19 20:00:00;3.05666859944661;True;'' '' '' '' '' '';92.39500172932942;176;99;0.0;361.04978642263;1264;asphalte;True;Mur;True;3.05666859944661;;1.0390274578220282;;;2025-06-19 20:00:00;;2025-06-19 20:00:00;0.0;83102.265625;289.7334899902344;0.366250604391098;0.16474804282188416;-0.2032465934753418;500.0;5000.0
BRIANCON_05_AGG_CP;44.89836120605469;6.640040874481201;2025-06-19 21:00:00;3.1066665649414062;True;'' '' '' '' '' '';92.44499969482422;176;99;0.0;361.04978642263;1264;asphalte;True;Mur;True;3.1066665649414062;;0.6237276808322006;;;2025-06-19 21:00:00;;2025-06-19 21:00:00;0.0;83132.9296875;289.28509521484375;0.46191883087158203;0.14133593440055847;-0.09095482528209686;500.0;5000.0
BRIANCON_05_AGG_CP;44.89836120605469;6.640040874481201;2025-06-19 22:00:00;2.8533312479654995;True;'' '' '' '' '' '';92.93500010172527;176;99;0.0;361.04978642263;1264;asphalte;True;Mur;True;2.8533312479654995;;0.6044286165324264;;;2025-06-19 22:00:00;;2025-06-19 22:00:00;0.0;83159.390625;288.5075378417969;0.61273193359375;0.053727637976408005;0.0053828125819563866;500.0;5000.0
BRIANCON_05_AGG_CP;44.89836120605469;6.640040874481201;2025-06-19 23:00:00;0.596665700276688;True;'' '' '' '' '' '';90.67833455403645;176;99;0.0;361.04978642263;1264;asphalte;True;Mur;True;0.596665700276688;;0.6627672043992006;;;2025-06-19 23:00:00;;2025-06-19 23:00:00;0.0;83165.4296875;287.65838623046875;0.41741564869880676;-0.3145042955875397;0.1170407086610794;500.0;5000.0
BRIANCON_05_AGG_CP;44.89836120605469;6.640040874481201;2025-06-20 00:00:00;1.3549982706705777;True;'' '' '' '' '' '';91.43666712443034;176;99;0.0;361.04978642263;1264;asphalte;True;Mur;True;1.3549982706705777;;0.7327572630697748;;;2025-06-20 00:00:00;;2025-06-20 00:00:00;0.0;83161.515625;286.8850402832031;0.5277673602104187;-0.7461696267127991;0.029492467641830444;500.0;5000.0
BRIANCON_05_AGG_CP;44.89836120605469;6.640040874481201;2025-06-20 01:00:00;1.0049972534179688;True;'' '' '' '' '' '';91.08666610717773;176;99;0.0;361.04978642263;1264;asphalte;True;Mur;True;1.0049972534179688;;0.8035105783857355;;;2025-06-20 01:00:00;;2025-06-20 01:00:00;0.0;83162.7421875;285.92462158203125;0.5042157769203186;-0.8753880858421326;-0.12789899110794067;500.0;5000.0
BRIANCON_05_AGG_CP;44.89836120605469;6.640040874481201;2025-06-20 02:00:00;1.5099995930989536;True;'' '' '' '' '' '';91.59166844685872;176;99;0.0;361.04978642263;1264;asphalte;True;Mur;True;1.5099995930989536;;0.8536314233600906;;;2025-06-20 02:00:00;;2025-06-20 02:00:00;0.0;83136.921875;285.3192138671875;0.26745107769966125;-0.95432448387146;0.13732071220874786;500.0;5000.0
BRIANCON_05_AGG_CP;44.89836120605469;6.640040874481201;2025-06-20 03:00:00;2.446666717529297;True;'' '' '' '' '' '';93.12500127156575;176;99;0.0;361.04978642263;1264;asphalte;True;Mur;True;2.446666717529297;;0.884938411611913;;;2025-06-20 03:00:00;;2025-06-20 03:00:00;0.0;83125.0390625;285.01788330078125;0.20750835537910461;-0.9293726682662964;0.010679391212761402;500.0;5000.0
BRIANCON_05_AGG_CP;44.89836120605469;6.640040874481201;2025-06-20 04:00:00;2.8899993896484375;True;'' '' '' '' '' '';93.56833394368489;176;99;0.0;361.04978642263;1264;asphalte;True;Mur;True;2.8899993896484375;;0.8914451208458241;;;2025-06-20 04:00:00;;2025-06-20 04:00:00;0.0;83120.953125;284.9056701660156;0.20000000298023224;-0.9407199621200562;0.09248895198106766;500.0;5000.0
BRIANCON_05_AGG_CP;44.89836120605469;6.640040874481201;2025-06-20 05:00:00;1.096663157145187;True;'' '' '' '' '' '';91.77499771118164;176;99;0.0;361.04978642263;1264;asphalte;True;Mur;True;1.096663157145187;;0.8983423380182209;;;2025-06-20 05:00:00;;2025-06-20 05:00:00;0.0;83123.796875;284.902099609375;0.4333763122558594;-1.129502296447754;0.15902860462665558;500.0;5000.0
BRIANCON_05_AGG_CP;44.89836120605469;6.640040874481201;2025-06-20 06:00:00;2.6999994913737027;True;'' '' '' '' '' '';93.37833404541016;176;99;0.0;361.04978642263;1264;asphalte;True;Mur;True;2.6999994913737027;;0.9181536390553968;;;2025-06-20 06:00:00;;2025-06-20 06:00:00;0.0;83100.828125;285.8979797363281;0.7069778442382812;-0.8987607359886169;0.18447266519069672;500.0;5000.0
BRIANCON_05_AGG_CP;44.89836120605469;6.640040874481201;2025-06-20 07:00:00;2.4083328247070312;True;'' '' '' '' '' '';93.08666737874348;176;99;0.0;361.04978642263;1264;asphalte;True;Mur;True;2.4083328247070312;;0.8734965875611955;;;2025-06-20 07:00:00;;2025-06-20 07:00:00;0.0;83052.0859375;287.8772277832031;0.7294074892997742;-0.5151920318603516;-0.25636914372444153;500.0;5000.0
BRIANCON_05_AGG_CP;44.89836120605469;6.640040874481201;2025-06-20 08:00:00;4.761664072672531;True;'' '' '' '' '' '';95.43999862670898;176;99;0.0;361.04978642263;1264;asphalte;True;Mur;True;4.761664072672531;;0.7012657056611193;;;2025-06-20 08:00:00;;2025-06-20 08:00:00;0.0;83024.6484375;290.03533935546875;10.382452011108398;-0.32964038848876953;-0.48601722717285156;500.0;5000.0
BRIANCON_05_AGG_CP;44.89836120605469;6.640040874481201;2025-06-20 09:00:00;2.875;True;'' '' '' '' '' '';93.55333455403645;176;99;0.0;361.04978642263;1264;asphalte;True;Mur;True;2.875;;0.5515497238615941;;;2025-06-20 09:00:00;;2025-06-20 09:00:00;0.0;82989.796875;291.8065490722656;26.738300323486328;0.08373893797397614;-0.5407848358154297;500.0;5000.0
BRIANCON_05_AGG_CP;44.89836120605469;6.640040874481201;2025-06-20 10:00:00;2.5316645304362027;True;'' '' '' '' '' '';93.20999908447266;176;99;0.0;361.04978642263;1264;asphalte;True;Mur;True;2.5316645304362027;;0.42706819526096285;;;2025-06-20 10:00:00;;2025-06-20 10:00:00;0.0;82953.6171875;293.2671203613281;57.36457824707031;0.7584626078605652;-0.19627952575683594;500.0;5000.0
BRIANCON_05_AGG_CP;44.89836120605469;6.640040874481201;2025-06-20 11:00:00;2.9633331298828125;True;'' '' '' '' '' '';93.64166768391927;176;99;0.0;361.04978642263;1264;asphalte;True;Mur;True;2.9633331298828125;;0.3144520288687197;;;2025-06-20 11:00:00;;2025-06-20 11:00:00;0.0;82920.0703125;294.54913330078125;65.51127624511719;0.9301982522010803;-0.1824311912059784;500.0;5000.0
BRIANCON_05_AGG_CP;44.89836120605469;6.640040874481201;2025-06-20 12:00:00;3.656667073567718;True;'' '' '' '' '' '';94.33500162760417;176;99;0.0;361.04978642263;1264;asphalte;True;Mur;True;3.656667073567718;;0.24836953782698956;;;2025-06-20 12:00:00;;2025-06-20 12:00:00;0.0;82884.8984375;295.49859619140625;80.04998779296875;1.1910871267318726;-0.4005250930786133;500.0;5000.0
BRIANCON_05_AGG_CP;44.89836120605469;6.640040874481201;2025-06-20 13:00:00;2.841664632161468;True;'' '' '' '' '' '';93.51999918619792;176;99;0.0;361.04978642263;1264;asphalte;True;Mur;True;2.841664632161468;;0.7515735592471956;;;2025-06-20 13:00:00;;2025-06-20 13:00:00;1.3048237562179565;82845.1171875;296.4353332519531;92.64070892333984;1.6913825273513794;-0.223262757062912;500.0;5000.0
BRIANCON_05_AGG_CP;44.89836120605469;6.640040874481201;2025-06-20 14:00:00;4.026666005452483;True;'' '' '' '' '' '';94.70500055948894;176;99;0.0;361.04978642263;1264;asphalte;True;Mur;True;4.026666005452483;;6.776556659565669;;;2025-06-20 14:00:00;;2025-06-20 14:00:00;1.7191210985183716;82862.046875;295.5428466796875;92.7137680053711;1.8502278327941895;0.21845334768295288;2000.0;8800.0
BRIANCON_05_AGG_CP;44.89836120605469;6.640040874481201;2025-06-20 15:00:00;7.724998474121094;True;'' '' '' '' '' '';98.40333302815755;176;99;0.0;361.04978642263;1264;asphalte;True;Mur;True;7.724998474121094;;7.128016926705172;;;2025-06-20 15:00:00;;2025-06-20 15:00:00;1.9609262943267822;82953.0703125;293.34405517578125;36.045570373535156;0.8391377925872803;0.5531534552574158;1500.0;8800.0
BRIANCON_05_AGG_CP;44.89836120605469;6.640040874481201;2025-06-20 16:00:00;5.069998423258468;True;'' '' '' '' '' '';95.74833297729492;176;99;0.0;361.04978642263;1264;asphalte;True;Mur;True;5.069998423258468;;8.331565905933536;;;2025-06-20 16:00:00;;2025-06-20 16:00:00;1.3202210664749146;83046.3203125;290.3115539550781;0.8634709119796753;0.8197847604751587;-0.42761993408203125;1375.0;8800.0
BRIANCON_05_AGG_CP;44.89836120605469;6.640040874481201;2025-06-20 17:00:00;3.7949981689453125;True;'' '' '' '' '' '';94.47333272298177;176;99;0.0;361.04978642263;1264;asphalte;True;Mur;True;3.7949981689453125;;8.721321321375486;;;2025-06-20 17:00:00;;2025-06-20 17:00:00;1.4859892129898071;83098.2890625;290.0304260253906;1.8545331954956055;0.27495476603507996;-0.6721298694610596;2000.0;8800.0
BRIANCON_05_AGG_CP;44.89836120605469;6.640040874481201;2025-06-20 18:00:00;4.840000152587891;True;'' '' '' '' '' '';95.51833470662434;176;99;0.0;361.04978642263;1264;asphalte;True;Mur;True;4.840000152587891;;9.375453538518208;;;2025-06-20 18:00:00;;2025-06-20 18:00:00;1.9511127471923828;83145.5;289.915283203125;17.488697052001953;-0.9888725876808167;-0.35020706057548523;2500.0;8800.0
BRIANCON_05_AGG_CP;44.89836120605469;6.640040874481201;2025-06-20 19:00:00;10.016663869222015;True;'' '' '' '' '' '';100.69499842325847;176;99;0.0;361.04978642263;1264;asphalte;True;Mur;True;10.016663869222015;;9.583551920794298;;;2025-06-20 19:00:00;;2025-06-20 19:00:00;0.22621040046215057;83122.09375;289.1630554199219;0.24151872098445892;-0.1498475819826126;-0.0037177293561398983;500.0;5000.0
BRIANCON_05_AGG_CP;44.89836120605469;6.640040874481201;2025-06-20 20:00:00;7.498332977294922;True;'' '' '' '' '' '';98.17666753133138;176;99;0.0;361.04978642263;1264;asphalte;True;Mur;True;7.498332977294922;;5.8493448366198075;;;2025-06-20 20:00:00;;2025-06-20 20:00:00;0.0;83165.8359375;288.1098327636719;0.2473609447479248;-0.23625199496746063;0.0545789934694767;500.0;5000.0
BRIANCON_05_AGG_CP;44.89836120605469;6.640040874481201;2025-06-20 21:00:00;2.0149993896484375;True;'' '' '' '' '' '';91.9149996439616;176;99;0.0;361.04978642263;1264;asphalte;True;Mur;True;2.0149993896484375;;2.024312358364644;;;2025-06-20 21:00:00;;2025-06-20 21:00:00;0.0;83173.5703125;287.3437805175781;0.3391077518463135;-0.2479570358991623;0.2782917022705078;500.0;5000.0
BRIANCON_05_AGG_CP;44.89836120605469;6.640040874481201;2025-06-20 22:00:00;1.8933334350585938;True;'' '' '' '' '' '';91.79333368937175;176;99;0.0;361.04978642263;1264;asphalte;True;Mur;True;1.8933334350585938;;0.8827591977712823;;;2025-06-20 22:00:00;;2025-06-20 22:00:00;0.0;83177.75;286.7701416015625;0.3343795835971832;-0.28868401050567627;0.35691890120506287;500.0;5000.0
BRIANCON_05_AGG_CP;44.89836120605469;6.640040874481201;2025-06-20 23:00:00;1.7633336385091098;True;'' '' '' '' '' '';91.66333389282227;176;99;0.0;361.04978642263;1264;asphalte;True;Mur;True;1.7633336385091098;;0.6577651997293626;;;2025-06-20 23:00:00;;2025-06-20 23:00:00;0.0;83158.9140625;286.1792297363281;0.24066533148288727;-0.3897489905357361;0.3297996520996094;500.0;5000.0
BRIANCON_05_AGG_CP;44.89836120605469;6.640040874481201;2025-06-21 00:00:00;0.7816683451334541;True;'' '' '' '' '' '';90.68166859944661;176;99;0.0;361.04978642263;1264;asphalte;True;Mur;True;0.7816683451334541;;0.6584697630901415;;;2025-06-21 00:00:00;;2025-06-21 00:00:00;0.0;83144.4765625;285.7681884765625;0.23635803163051605;-0.5411317944526672;0.2729671597480774;500.0;5000.0
BRIANCON_05_AGG_CP;44.89836120605469;6.640040874481201;2025-06-21 01:00:00;1.096665700276688;True;'' '' '' '' '' '';90.99666595458984;176;99;0.0;361.04978642263;1264;asphalte;True;Mur;True;1.096665700276688;;0.7012663399193902;;;2025-06-21 01:00:00;;2025-06-21 01:00:00;0.0;83156.0;284.4342956542969;0.27901723980903625;-0.9002741575241089;0.19725866615772247;500.0;5000.0
BRIANCON_05_AGG_CP;44.89836120605469;6.640040874481201;2025-06-21 02:00:00;0.9599990844726562;True;'' '' '' '' '' '';90.85999933878581;176;99;0.0;361.04978642263;1264;asphalte;True;Mur;True;0.9599990844726562;;0.73779507893737;;;2025-06-21 02:00:00;;2025-06-21 02:00:00;0.0;83125.9296875;284.1749267578125;0.46977877616882324;-0.9459563493728638;0.15789887309074402;500.0;5000.0
BRIANCON_05_AGG_CP;44.89836120605469;6.640040874481201;2025-06-21 03:00:00;2.2666664123535156;True;'' '' '' '' '' '';92.16666666666667;176;99;0.0;361.04978642263;1264;asphalte;True;Mur;True;2.2666664123535156;;0.7577066903595442;;;2025-06-21 03:00:00;;2025-06-21 03:00:00;0.0;83127.5859375;284.1499938964844;0.34076988697052;-0.8401599526405334;0.15399138629436493;500.0;5000.0
BRIANCON_05_AGG_CP;44.89836120605469;6.640040874481201;2025-06-21 04:00:00;1.1533330281575473;True;'' '' '' '' '' '';91.0533332824707;176;99;0.0;361.04978642263;1264;asphalte;True;Mur;True;1.1533330281575473;;0.7671640178587985;;;2025-06-21 04:00:00;;2025-06-21 04:00:00;0.0;83113.3984375;284.04083251953125;0.2775953412055969;-0.741356611251831;0.22091080248355865;500.0;5000.0
BRIANCON_05_AGG_CP;44.89836120605469;6.640040874481201;2025-06-21 05:00:00;2.9366658528645786;True;'' '' '' '' '' '';92.83666610717773;176;99;0.0;361.04978642263;1264;asphalte;True;Mur;True;2.9366658528645786;;0.7803641034146575;;;2025-06-21 05:00:00;;2025-06-21 05:00:00;0.0;83115.15625;284.10552978515625;0.40034520626068115;-0.7456955909729004;0.1374645233154297;500.0;5000.0
BRIANCON_05_AGG_CP;44.89836120605469;6.640040874481201;2025-06-21 06:00:00;2.4316660563150947;True;'' '' '' '' '' '';92.33166631062825;176;99;0.0;361.04978642263;1264;asphalte;True;Mur;True;2.4316660563150947;;0.7951588118417646;;;2025-06-21 06:00:00;;2025-06-21 06:00:00;0.0;83089.328125;284.8472900390625;0.6713348031044006;-0.6116949915885925;0.3822324275970459;500.0;5000.0
BRIANCON_05_AGG_CP;44.89836120605469;6.640040874481201;2025-06-21 07:00:00;2.406665802001953;True;'' '' '' '' '' '';92.30666605631511;176;99;0.0;361.04978642263;1264;asphalte;True;Mur;True;2.406665802001953;;0.79602716020373;;;2025-06-21 07:00:00;;2025-06-21 07:00:00;0.0;83095.375;286.10662841796875;0.8330585360527039;-0.35468658804893494;-0.28159332275390625;500.0;5000.0
BRIANCON_05_AGG_CP;44.89836120605469;6.640040874481201;2025-06-21 08:00:00;2.795001983642578;True;'' '' '' '' '' '';92.69500223795573;176;99;0.0;361.04978642263;1264;asphalte;True;Mur;True;2.795001983642578;;0.7052141097647902;;;2025-06-21 08:00:00;;2025-06-21 08:00:00;0.0;83059.4609375;288.3005065917969;1.982213020324707;0.10984662175178528;-0.31866544485092163;500.0;5000.0
BRIANCON_05_AGG_CP;44.89836120605469;6.640040874481201;2025-06-21 09:00:00;2.265000661214188;True;'' '' '' '' '' '';92.16500091552734;176;99;0.0;361.04978642263;1264;asphalte;True;Mur;True;2.265000661214188;;0.5976029729664462;;;2025-06-21 09:00:00;;2025-06-21 09:00:00;0.0;83037.5;290.1875915527344;19.303382873535156;0.7255260944366455;-0.3211873173713684;500.0;5000.0
BRIANCON_05_AGG_CP;44.89836120605469;6.640040874481201;2025-06-21 10:00:00;4.113332112630204;True;'' '' '' '' '' '';94.01333236694336;176;99;0.0;361.04978642263;1264;asphalte;True;Mur;True;4.113332112630204;;0.4865698176401839;;;2025-06-21 10:00:00;;2025-06-21 10:00:00;0.0;83002.46875;291.8786926269531;47.36030578613281;1.1478008031845093;-0.11461751908063889;500.0;5000.0
BRIANCON_05_AGG_CP;44.89836120605469;6.640040874481201;2025-06-21 11:00:00;2.943333943684891;True;'' '' '' '' '' '';92.84333419799805;176;99;0.0;361.04978642263;1264;asphalte;True;Mur;True;2.943333943684891;;0.3846490752865486;;;2025-06-21 11:00:00;;2025-06-21 11:00:00;0.0;82980.046875;293.0124816894531;72.19586944580078;1.269132375717163;0.054403096437454224;500.0;5000.0
BRIANCON_05_AGG_CP;44.89836120605469;6.640040874481201;2025-06-21 12:00:00;0.9650001525878906;True;'' '' '' '' '' '';90.86500040690105;176;99;0.0;361.04978642263;1264;asphalte;True;Mur;True;0.9650001525878906;;0.3107365927068617;;;2025-06-21 12:00:00;;2025-06-21 12:00:00;0.0;82958.1015625;293.8190612792969;76.78907775878906;1.2187738418579102;0.7737430334091187;500.0;5000.0
BRIANCON_05_AGG_CP;44.89836120605469;6.640040874481201;2025-06-21 13:00:00;3.3366661071777344;True;'' '' '' '' '' '';93.23666636149089;176;99;0.0;361.04978642263;1264;asphalte;True;Mur;True;3.3366661071777344;;0.2735258796803669;;;2025-06-21 13:00:00;;2025-06-21 13:00:00;0.0;82951.6796875;294.3095397949219;82.81180572509766;1.171674370765686;1.0050426721572876;500.0;5000.0
BRIANCON_05_AGG_CP;44.89836120605469;6.640040874481201;2025-06-21 14:00:00;2.871667226155594;True;'' '' '' '' '' '';92.77166748046875;176;99;0.0;361.04978642263;1264;asphalte;True;Mur;True;2.871667226155594;;0.26306500922924914;;;2025-06-21 14:00:00;;2025-06-21 14:00:00;0.0;82957.5546875;294.34423828125;74.62981414794922;0.8260236978530884;1.1823093891143799;500.0;5000.0
BRIANCON_05_AGG_CP;44.89836120605469;6.640040874481201;2025-06-21 15:00:00;1.4383328755696567;True;'' '' '' '' '' '';91.33833312988281;176;99;0.0;361.04978642263;1264;asphalte;True;Mur;True;1.4383328755696567;;0.273314647281607;;;2025-06-21 15:00:00;;2025-06-21 15:00:00;0.0;82949.84375;294.1406555175781;68.95616912841797;0.4830162525177002;1.1318683624267578;500.0;5000.0
BRIANCON_05_AGG_CP;44.89836120605469;6.640040874481201;2025-06-21 16:00:00;3.5266647338867188;True;'' '' '' '' '' '';93.42666498819987;176;99;0.0;361.04978642263;1264;asphalte;True;Mur;True;3.5266647338867188;;0.28807908207355293;;;2025-06-21 16:00:00;;2025-06-21 16:00:00;0.0;82921.96875;293.90289306640625;59.710350036621094;0.7678973078727722;0.9649107456207275;500.0;5000.0
BRIANCON_05_AGG_CP;44.89836120605469;6.640040874481201;2025-06-21 17:00:00;2.6066665649414062;True;'' '' '' '' '' '';92.50666681925456;176;99;0.0;361.04978642263;1264;asphalte;True;Mur;True;2.6066665649414062;;0.29727487561425486;;;2025-06-21 17:00:00;;2025-06-21 17:00:00;0.0;82924.109375;293.593505859375;54.60177230834961;0.526842474937439;1.0012671947479248;2968.2996;3704.132
BRIANCON_05_AGG_CP;44.89836120605469;6.640040874481201;2025-06-21 18:00:00;2.4533335367838447;True;'' '' '' '' '' '';92.353333791097;176;99;0.0;361.04978642263;1264;asphalte;True;Mur;True;2.4533335367838447;;0.29316007629266727;;;2025-06-21 18:00:00;;2025-06-21 18:00:00;0.0;82964.203125;292.9865417480469;32.48934555053711;0.03572836518287659;0.5805063247680664;500.0;5000.0
BRIANCON_05_AGG_CP;44.89836120605469;6.640040874481201;2025-06-21 19:00:00;0.8066673278808594;True;'' '' '' '' '' '';90.70666758219402;176;99;0.0;361.04978642263;1264;asphalte;True;Mur;True;0.8066673278808594;;0.29631743835977636;;;2025-06-21 19:00:00;;2025-06-21 19:00:00;0.0;82997.7890625;292.40728759765625;3.856074571609497;-0.1569194793701172;0.7432140707969666;500.0;5000.0
BRIANCON_05_AGG_CP;44.89836120605469;6.640040874481201;2025-06-21 20:00:00;0.0;True;'' '' '' '' '' '';89.90000025431316;176;99;0.0;361.04978642263;1264;asphalte;True;Mur;True;0.0;;0.3027744071085192;;;2025-06-21 20:00:00;;2025-06-21 20:00:00;0.0;83098.921875;291.66363525390625;6.543816566467285;-0.7529194951057434;0.5875551104545593;500.0;5000.0
BRIANCON_05_AGG_CP;44.89836120605469;6.640040874481201;2025-06-21 21:00:00;1.3733329772949219;True;'' '' '' '' '' '';91.27333323160808;176;99;0.0;361.04978642263;1264;asphalte;True;Mur;True;1.3733329772949219;;0.3126364889628058;;;2025-06-21 21:00:00;;2025-06-21 21:00:00;0.0;83152.9140625;291.0058288574219;2.6856117248535156;-0.8842490911483765;0.4021308124065399;500.0;5000.0
BRIANCON_05_AGG_CP;44.89836120605469;6.640040874481201;2025-06-21 22:00:00;0.17500050862629735;True;'' '' '' '' '' '';90.07500076293945;176;99;0.0;361.04978642263;1264;asphalte;True;Mur;True;0.17500050862629735;;0.3410776544011951;;;2025-06-21 22:00:00;;2025-06-21 22:00:00;0.0;83185.0859375;290.2372131347656;1.0147652626037598;-0.6411572694778442;0.6152999401092529;500.0;5000.0
BRIANCON_05_AGG_CP;44.89836120605469;6.640040874481201;2025-06-21 23:00:00;0.8299992879231723;True;'' '' '' '' '' '';90.72999954223633;176;99;0.0;361.04978642263;1264;asphalte;True;Mur;True;0.8299992879231723;;0.41322867978983713;;;2025-06-21 23:00:00;;2025-06-21 23:00:00;0.0;83205.25;288.7024841308594;0.5843930840492249;-0.06416302919387817;0.7983262538909912;500.0;5000.0
BRIANCON_05_AGG_CP;44.89836120605469;6.640040874481201;2025-06-22 00:00:00;1.1083348592122348;True;'' '' '' '' '' '';91.00833511352539;176;99;0.0;361.04978642263;1264;asphalte;True;Mur;True;1.1083348592122348;;0.5195429047914757;;;2025-06-22 00:00:00;;2025-06-22 00:00:00;0.0;83192.3515625;287.3286437988281;0.8603799343109131;0.37274184823036194;0.7886486649513245;500.0;5000.0
BRIANCON_05_AGG_CP;44.89836120605469;6.640040874481201;2025-06-22 01:00:00;0.9133338928222656;True;'' '' '' '' '' '';90.81333414713542;176;99;0.0;361.04978642263;1264;asphalte;True;Mur;True;0.9133338928222656;;0.6235444777701049;;;2025-06-22 01:00:00;;2025-06-22 01:00:00;0.0;83187.3359375;285.9368591308594;0.519117534160614;0.04340527951717377;0.319698691368103;500.0;5000.0
BRIANCON_05_AGG_CP;44.89836120605469;6.640040874481201;2025-06-22 02:00:00;0.5049997965494697;True;'' '' '' '' '' '';90.40500005086263;176;99;0.0;361.04978642263;1264;asphalte;True;Mur;True;0.5049997965494697;;0.7251011314816924;;;2025-06-22 02:00:00;;2025-06-22 02:00:00;0.0;83175.2109375;285.2090148925781;0.4710407555103302;-0.3412044048309326;0.6355202794075012;500.0;5000.0
BRIANCON_05_AGG_CP;44.89836120605469;6.640040874481201;2025-06-22 03:00:00;1.5583330790201728;True;'' '' '' '' '' '';91.45833333333333;176;99;0.0;361.04978642263;1264;asphalte;True;Mur;True;1.5583330790201728;;0.8159108642619844;;;2025-06-22 03:00:00;;2025-06-22 03:00:00;0.0;83176.1328125;284.7270812988281;0.5726162791252136;-0.4493561089038849;0.24506112933158875;500.0;5000.0
BRIANCON_05_AGG_CP;44.89836120605469;6.640040874481201;2025-06-22 04:00:00;1.7866668701171875;True;'' '' '' '' '' '';91.68666712443034;176;99;0.0;361.04978642263;1264;asphalte;True;Mur;True;1.7866668701171875;;0.8823436122365469;;;2025-06-22 04:00:00;;2025-06-22 04:00:00;0.0;83171.5234375;284.650634765625;0.5863080024719238;-0.3656502068042755;0.11252608895301819;500.0;5000.0
BRIANCON_05_AGG_CP;44.89836120605469;6.640040874481201;2025-06-22 05:00:00;2.943333943684891;True;'' '' '' '' '' '';92.84333419799805;176;99;0.0;361.04978642263;1264;asphalte;True;Mur;True;2.943333943684891;;0.9148914048226486;;;2025-06-22 05:00:00;;2025-06-22 05:00:00;0.0;83173.8671875;284.5579528808594;0.6521598100662231;-0.33352431654930115;0.2546107769012451;500.0;5000.0
BRIANCON_05_AGG_CP;44.89836120605469;6.640040874481201;2025-06-22 06:00:00;3.0349985758463447;True;'' '' '' '' '' '';92.9349988301595;176;99;0.0;361.04978642263;1264;asphalte;True;Mur;True;3.0349985758463447;;0.9334948829556322;;;2025-06-22 06:00:00;;2025-06-22 06:00:00;0.0;83150.265625;285.0396423339844;0.5426266193389893;-0.21360690891742706;0.2365056872367859;500.0;5000.0
BRIANCON_05_AGG_CP;44.89836120605469;6.640040874481201;2025-06-22 07:00:00;2.7716662089029853;True;'' '' '' '' '' '';92.67166646321614;176;99;0.0;361.04978642263;1264;asphalte;True;Mur;True;2.7716662089029853;;0.9179907810470678;;;2025-06-22 07:00:00;;2025-06-22 07:00:00;0.0;83104.1875;286.7514953613281;0.5234062075614929;0.1427033543586731;0.15202032029628754;500.0;5000.0
BRIANCON_05_AGG_CP;44.89836120605469;6.640040874481201;2025-06-22 08:00:00;5.698333740234375;True;'' '' '' '' '' '';95.59833399454753;176;99;0.0;361.04978642263;1264;asphalte;True;Mur;True;5.698333740234375;;0.7731947894440427;;;2025-06-22 08:00:00;;2025-06-22 08:00:00;0.0;83070.7734375;288.8879089355469;11.084948539733887;0.25080108642578125;-0.24226953089237213;500.0;5000.0
BRIANCON_05_AGG_CP;44.89836120605469;6.640040874481201;2025-06-22 09:00:00;3.808333079020173;True;'' '' '' '' '' '';93.70833333333333;176;99;0.0;361.04978642263;1264;asphalte;True;Mur;True;3.808333079020173;;0.5777199031664626;;;2025-06-22 09:00:00;;2025-06-22 09:00:00;0.0;83039.3203125;290.84661865234375;32.9047737121582;0.3141172230243683;-0.5070629119873047;500.0;5000.0
BRIANCON_05_AGG_CP;44.89836120605469;6.640040874481201;2025-06-22 10:00:00;4.446667989095047;True;'' '' '' '' '' '';94.3466682434082;176;99;0.0;361.04978642263;1264;asphalte;True;Mur;True;4.446667989095047;;0.4103617836162532;;;2025-06-22 10:00:00;;2025-06-22 10:00:00;0.0;83020.7109375;292.4034729003906;52.68985366821289;0.5352077484130859;-0.6307139992713928;500.0;5000.0
BRIANCON_05_AGG_CP;44.89836120605469;6.640040874481201;2025-06-22 11:00:00;1.75;True;'' '' '' '' '' '';91.65000025431316;176;99;0.0;361.04978642263;1264;asphalte;True;Mur;True;1.75;;0.31070561162978294;;;2025-06-22 11:00:00;;2025-06-22 11:00:00;0.0;83007.6875;293.547119140625;67.13642120361328;0.7967302799224854;-0.6076507568359375;500.0;5000.0
BRIANCON_05_AGG_CP;44.89836120605469;6.640040874481201;2025-06-22 12:00:00;1.936667124430329;True;'' '' '' '' '' '';91.83666737874348;176;99;0.0;361.04978642263;1264;asphalte;True;Mur;True;1.936667124430329;;0.2573218249807621;;;2025-06-22 12:00:00;;2025-06-22 12:00:00;0.0;82986.40625;294.42047119140625;76.09254455566406;0.9918642044067383;-0.4913681745529175;500.0;5000.0
BRIANCON_05_AGG_CP;44.89836120605469;6.640040874481201;2025-06-22 13:00:00;4.051666259765625;True;'' '' '' '' '' '';93.95166651407878;176;99;0.0;361.04978642263;1264;asphalte;True;Mur;True;4.051666259765625;;0.22326647366836816;;;2025-06-22 13:00:00;;2025-06-22 13:00:00;0.0;82950.9921875;295.3426513671875;83.822509765625;1.0590373277664185;-0.26192155480384827;500.0;5000.0
BRIANCON_05_AGG_CP;44.89836120605469;6.640040874481201;2025-06-22 14:00:00;2.629998524983719;True;'' '' '' '' '' '';92.52999877929688;176;99;0.0;361.04978642263;1264;asphalte;True;Mur;True;2.629998524983719;;0.2063321925425618;;;2025-06-22 14:00:00;;2025-06-22 14:00:00;0.0;82926.6953125;295.8228759765625;79.42008209228516;1.315920352935791;0.2086200714111328;500.0;5000.0
BRIANCON_05_AGG_CP;44.89836120605469;6.640040874481201;2025-06-22 15:00:00;2.7833328247070312;True;'' '' '' '' '' '';92.68333307902019;176;99;0.0;361.04978642263;1264;asphalte;True;Mur;True;2.7833328247070312;;0.2294556634540451;;;2025-06-22 15:00:00;;2025-06-22 15:00:00;0.0;82899.8125;296.21893310546875;76.9830322265625;1.2795042991638184;0.6911093592643738;500.0;5000.0
BRIANCON_05_AGG_CP;44.89836120605469;6.640040874481201;2025-06-22 16:00:00;2.740000406901032;True;'' '' '' '' '' '';92.64000066121419;176;99;0.0;361.04978642263;1264;asphalte;True;Mur;True;2.740000406901032;;0.2692423188696211;;;2025-06-22 16:00:00;;2025-06-22 16:00:00;0.0;82895.0;295.908935546875;70.56092834472656;0.2511870265007019;1.0297070741653442;2500.0;3722.8955
BRIANCON_05_AGG_CP;44.89836120605469;6.640040874481201;2025-06-22 17:00:00;3.2083333333333286;True;'' '' '' '' '' '';93.10833358764648;176;99;0.0;361.04978642263;1264;asphalte;True;Mur;True;3.2083333333333286;;0.24132668519777356;;;2025-06-22 17:00:00;;2025-06-22 17:00:00;0.0012515952112153172;82942.1953125;294.5579528808594;68.68295288085938;-0.5434196591377258;0.6833544969558716;2000.0;3722.8647
BRIANCON_05_AGG_CP;44.89836120605469;6.640040874481201;2025-06-22 18:00:00;1.2433319091796875;True;'' '' '' '' '' '';91.14333216349284;176;99;0.0;361.04978642263;1264;asphalte;True;Mur;True;1.2433319091796875;;0.3197863848725113;;;2025-06-22 18:00:00;;2025-06-22 18:00:00;0.0;82987.9140625;294.2089538574219;45.04782485961914;-0.46375125646591187;0.3556835949420929;500.0;5000.0
BRIANCON_05_AGG_CP;44.89836120605469;6.640040874481201;2025-06-22 19:00:00;1.913332621256501;True;'' '' '' '' '' '';91.81333287556966;176;99;0.0;361.04978642263;1264;asphalte;True;Mur;True;1.913332621256501;;0.3074916298147212;;;2025-06-22 19:00:00;;2025-06-22 19:00:00;0.0;82999.609375;293.74371337890625;8.167829513549805;0.2215220183134079;0.08266830444335938;2500.0;2750.0
BRIANCON_05_AGG_CP;44.89836120605469;6.640040874481201;2025-06-22 20:00:00;3.026666005452469;True;'' '' '' '' '' '';92.92666625976562;176;99;0.0;361.04978642263;1264;asphalte;True;Mur;True;3.026666005452469;;0.3115257807577085;;;2025-06-22 20:00:00;;2025-06-22 20:00:00;0.0;83072.3125;293.220458984375;0.4307229220867157;0.605259120464325;0.30157527327537537;500.0;5000.0
BRIANCON_05_AGG_CP;44.89836120605469;6.640040874481201;2025-06-22 21:00:00;1.4599978129069058;True;'' '' '' '' '' '';91.53499857584636;176;99;0.0;361.04978642263;1264;asphalte;True;Mur;True;1.4599978129069058;;0.387293395596143;;;2025-06-22 21:00:00;;2025-06-22 21:00:00;0.0;83115.078125;292.09100341796875;0.3927139639854431;0.9310076832771301;0.5032662153244019;500.0;5000.0
BRIANCON_05_AGG_CP;44.89836120605469;6.640040874481201;2025-06-22 22:00:00;1.556666056315109;True;'' '' '' '' '' '';91.63166681925456;176;99;0.0;361.04978642263;1264;asphalte;True;Mur;True;1.556666056315109;;0.5187229552144901;;;2025-06-22 22:00:00;;2025-06-22 22:00:00;0.0;83157.1171875;290.662109375;0.5895728468894958;1.4099745750427246;0.7626237869262695;500.0;5000.0
BRIANCON_05_AGG_CP;44.89836120605469;6.640040874481201;2025-06-22 23:00:00;0.22666549682617188;True;'' '' '' '' '' '';90.6316655476888;176;99;0.0;361.04978642263;1264;asphalte;True;Mur;True;0.22666549682617188;;0.6661262362019083;;;2025-06-22 23:00:00;;2025-06-22 23:00:00;0.0;83172.15625;289.17059326171875;0.3548385798931122;1.1897460222244263;0.8813056945800781;500.0;5000.0
BRIANCON_05_AGG_CP;44.89836120605469;6.640040874481201;2025-06-23 00:00:00;2.0916659037272183;True;'' '' '' '' '' '';92.49666595458984;176;99;0.0;361.04978642263;1264;asphalte;True;Mur;True;2.0916659037272183;;0.7700555525267522;;;2025-06-23 00:00:00;;2025-06-23 00:00:00;0.0;83167.140625;288.28021240234375;0.7851792573928833;0.5932645797729492;0.8689079284667969;500.0;5000.0
BRIANCON_05_AGG_CP;44.89836120605469;6.640040874481201;2025-06-23 01:00:00;1.6249987284342495;True;'' '' '' '' '' '';92.02999877929688;176;99;0.0;361.04978642263;1264;asphalte;True;Mur;True;1.6249987284342495;;0.9055192142989887;;;2025-06-23 01:00:00;;2025-06-23 01:00:00;0.0;83144.4140625;287.40203857421875;1.1604549884796143;0.34927788376808167;0.1985931396484375;500.0;5000.0
BRIANCON_05_AGG_CP;44.89836120605469;6.640040874481201;2025-06-23 02:00:00;3.4366671244303433;True;'' '' '' '' '' '';93.84166717529297;176;99;0.0;361.04978642263;1264;asphalte;True;Mur;True;3.4366671244303433;;1.0215633026999793;;;2025-06-23 02:00:00;;2025-06-23 02:00:00;0.0;83121.8046875;286.5016174316406;1.05666983127594;-0.2575760781764984;0.11402702331542969;20.0;35.0
BRIANCON_05_AGG_CP;44.89836120605469;6.640040874481201;2025-06-23 03:00:00;1.7766685485839844;True;'' '' '' '' '' '';92.40833409627278;176;99;0.0;361.04978642263;1264;asphalte;True;Mur;True;1.7766685485839844;;1.1254595888056385;;;2025-06-23 03:00:00;;2025-06-23 03:00:00;0.0;83108.1875;285.23876953125;0.9349033832550049;-0.5483396053314209;0.012874603271484375;20.0;35.0
BRIANCON_05_AGG_CP;44.89836120605469;6.640040874481201;2025-06-23 04:00:00;3.745001475016281;True;'' '' '' '' '' '';94.37666702270508;176;99;0.0;361.04978642263;1264;asphalte;True;Mur;True;3.745001475016281;;1.1776145488438805;;;2025-06-23 04:00:00;;2025-06-23 04:00:00;0.0;83093.0234375;285.00177001953125;0.8331103920936584;-0.4948310852050781;0.03542137145996094;500.0;5000.0
BRIANCON_05_AGG_CP;44.89836120605469;6.640040874481201;2025-06-23 05:00:00;4.376668294270843;True;'' '' '' '' '' '';95.00833384195964;176;99;0.0;361.04978642263;1264;asphalte;True;Mur;True;4.376668294270843;;1.1994838716028466;;;2025-06-23 05:00:00;;2025-06-23 05:00:00;0.0;83087.46875;285.2332458496094;0.7878104448318481;-0.6558704376220703;-0.07190918177366257;500.0;5000.0
BRIANCON_05_AGG_CP;44.89836120605469;6.640040874481201;2025-06-23 06:00:00;5.436669667561858;True;'' '' '' '' '' '';96.06833521525066;176;99;0.0;361.04978642263;1264;asphalte;True;Mur;True;5.436669667561858;;1.2006663241762028;;;2025-06-23 06:00:00;;2025-06-23 06:00:00;0.0;83061.5390625;286.3183288574219;0.8958088755607605;-0.4774799346923828;-0.11996480077505112;500.0;5000.0
BRIANCON_05_AGG_CP;44.89836120605469;6.640040874481201;2025-06-23 07:00:00;2.483334859212249;True;'' '' '' '' '' '';93.11500040690105;176;99;0.0;361.04978642263;1264;asphalte;True;Mur;True;2.483334859212249;;1.1242974324969512;;;2025-06-23 07:00:00;;2025-06-23 07:00:00;0.0;83013.203125;288.36505126953125;0.8110180497169495;0.22098350524902344;-0.1108245849609375;500.0;5000.0
BRIANCON_05_AGG_CP;44.89836120605469;6.640040874481201;2025-06-23 08:00:00;4.748334248860687;True;'' '' '' '' '' '';95.37999979654948;176;99;0.0;361.04978642263;1264;asphalte;True;Mur;True;4.748334248860687;;0.8893565571488349;;;2025-06-23 08:00:00;;2025-06-23 08:00:00;0.0;82970.46875;290.9039611816406;5.13789176940918;0.8054843544960022;-0.25162273645401;500.0;5000.0
BRIANCON_05_AGG_CP;44.89836120605469;6.640040874481201;2025-06-23 09:00:00;2.656667073567718;True;'' '' '' '' '' '';93.28833262125652;176;99;0.0;361.04978642263;1264;asphalte;True;Mur;True;2.656667073567718;;0.6349472217535151;;;2025-06-23 09:00:00;;2025-06-23 09:00:00;0.0;82942.25;293.02178955078125;64.46739959716797;0.9301836490631104;-0.02408789098262787;500.0;5000.0
BRIANCON_05_AGG_CP;44.89836120605469;6.640040874481201;2025-06-23 10:00:00;2.961667378743499;True;'' '' '' '' '' '';93.5933329264323;176;99;0.0;361.04978642263;1264;asphalte;True;Mur;True;2.961667378743499;;0.34078484663097736;;;2025-06-23 10:00:00;;2025-06-23 10:00:00;0.0;82919.796875;294.1865539550781;77.3480224609375;-0.02913684956729412;0.9453573226928711;500.0;5000.0
BRIANCON_05_AGG_CP;44.89836120605469;6.640040874481201;2025-06-23 11:00:00;3.0000012715657647;True;'' '' '' '' '' '';93.63166681925456;176;99;0.0;361.04978642263;1264;asphalte;True;Mur;True;3.0000012715657647;;0.7984001643406707;;;2025-06-23 11:00:00;;2025-06-23 11:00:00;0.682448148727417;82911.0859375;294.4591369628906;84.7720718383789;-0.12035185843706131;1.0151128768920898;500.0;5000.0
BRIANCON_05_AGG_CP;44.89836120605469;6.640040874481201;2025-06-23 12:00:00;2.3850008646647183;True;'' '' '' '' '' '';93.01666641235352;176;99;0.0;361.04978642263;1264;asphalte;True;Mur;True;2.3850008646647183;;2.415409278838654;;;2025-06-23 12:00:00;;2025-06-23 12:00:00;0.0;82899.28125;294.5921630859375;93.95039367675781;-0.11343248188495636;1.1392626762390137;2973.0864;3708.555
BRIANCON_05_AGG_CP;44.89836120605469;6.640040874481201;2025-06-23 13:00:00;1.9866676330566406;True;'' '' '' '' '' '';92.61833318074544;176;99;0.0;361.04978642263;1264;asphalte;True;Mur;True;1.9866676330566406;;0.9548255740753075;;;2025-06-23 13:00:00;;2025-06-23 13:00:00;0.0;82869.8671875;294.8081359863281;90.52110290527344;0.01834961026906967;0.971172034740448;500.0;5000.0
BRIANCON_05_AGG_CP;44.89836120605469;6.640040874481201;2025-06-23 14:00:00;0.984999338785812;True;'' '' '' '' '' '';91.61666488647461;176;99;0.0;361.04978642263;1264;asphalte;True;Mur;True;0.984999338785812;;0.40199581944483365;;;2025-06-23 14:00:00;;2025-06-23 14:00:00;0.0;82844.3828125;295.0010070800781;87.04051208496094;0.2020566463470459;0.8819770812988281;500.0;5000.0
BRIANCON_05_AGG_CP;44.89836120605469;6.640040874481201;2025-06-23 15:00:00;1.8466682434082031;True;'' '' '' '' '' '';92.478333791097;176;99;0.0;361.04978642263;1264;asphalte;True;Mur;True;1.8466682434082031;;0.26672775316552433;;;2025-06-23 15:00:00;;2025-06-23 15:00:00;0.0;82822.8828125;294.923095703125;84.06664276123047;0.18572621047496796;0.975555419921875;500.0;5000.0
BRIANCON_05_AGG_CP;44.89836120605469;6.640040874481201;2025-06-23 16:00:00;2.0733350118001397;True;'' '' '' '' '' '';92.70500055948894;176;99;0.0;361.04978642263;1264;asphalte;True;Mur;True;2.0733350118001397;;0.24104575757286084;;;2025-06-23 16:00:00;;2025-06-23 16:00:00;0.0;82826.3203125;294.68231201171875;76.85618591308594;-0.10360908508300781;0.9853448867797852;500.0;5000.0
BRIANCON_05_AGG_CP;44.89836120605469;6.640040874481201;2025-06-23 17:00:00;1.345001220703125;True;'' '' '' '' '' '';91.97666676839192;176;99;0.0;361.04978642263;1264;asphalte;True;Mur;True;1.345001220703125;;0.2515737618224989;;;2025-06-23 17:00:00;;2025-06-23 17:00:00;0.0;82832.4609375;294.21612548828125;68.9470443725586;-0.347137451171875;1.1467441320419312;500.0;5000.0
BRIANCON_05_AGG_CP;44.89836120605469;6.640040874481201;2025-06-23 18:00:00;0.653334299723312;True;'' '' '' '' '' '';91.28499984741211;176;99;0.0;361.04978642263;1264;asphalte;True;Mur;True;0.653334299723312;;0.27971087360363633;;;2025-06-23 18:00:00;;2025-06-23 18:00:00;0.0;82840.390625;293.6890869140625;54.24345779418945;-0.13358891010284424;1.0656405687332153;500.0;5000.0
BRIANCON_05_AGG_CP;44.89836120605469;6.640040874481201;2025-06-23 19:00:00;0.5516688028971402;True;'' '' '' '' '' '';91.18333435058594;176;99;0.0;361.04978642263;1264;asphalte;True;Mur;True;0.5516688028971402;;0.2807050734432784;;;2025-06-23 19:00:00;;2025-06-23 19:00:00;0.0;82827.921875;293.2763977050781;33.83452224731445;0.3774203360080719;0.8935527801513672;500.0;5000.0
BRIANCON_05_AGG_CP;44.89836120605469;6.640040874481201;2025-06-23 20:00:00;1.345001220703125;True;'' '' '' '' '' '';91.97666676839192;176;99;0.0;361.04978642263;1264;asphalte;True;Mur;True;1.345001220703125;;0.28423550134642345;;;2025-06-23 20:00:00;;2025-06-23 20:00:00;0.0;82889.8359375;292.7362365722656;33.25946807861328;-0.05401802062988281;0.7322821021080017;500.0;5000.0
BRIANCON_05_AGG_CP;44.89836120605469;6.640040874481201;2025-06-23 21:00:00;2.1333351135253906;True;'' '' '' '' '' '';92.76500066121419;176;99;0.0;361.04978642263;1264;asphalte;True;Mur;True;2.1333351135253906;;0.29283643381266405;;;2025-06-23 21:00:00;;2025-06-23 21:00:00;0.0;82931.7890625;291.96905517578125;25.881309509277344;-0.02004392445087433;0.459465354681015;500.0;5000.0
BRIANCON_05_AGG_CP;44.89836120605469;6.640040874481201;2025-06-23 22:00:00;0.5049997965494839;True;'' '' '' '' '' '';91.13666534423828;176;99;0.0;361.04978642263;1264;asphalte;True;Mur;True;0.5049997965494839;;0.3208506458565394;;;2025-06-23 22:00:00;;2025-06-23 22:00:00;0.0;82957.1640625;291.38763427734375;4.366111755371094;0.5012097358703613;-0.15797948837280273;500.0;5000.0
BRIANCON_05_AGG_CP;44.89836120605469;6.640040874481201;2025-06-23 23:00:00;1.116668701171875;True;'' '' '' '' '' '';91.74833424886067;176;99;0.0;361.04978642263;1264;asphalte;True;Mur;True;1.116668701171875;;0.40418820634186003;;;2025-06-23 23:00:00;;2025-06-23 23:00:00;0.0;82958.71875;290.5946350097656;2.4712467193603516;0.5992984175682068;-0.3529663681983948;500.0;5000.0
BRIANCON_05_AGG_CP;44.89836120605469;6.640040874481201;2025-06-24 00:00:00;0.20833460489907907;True;'' '' '' '' '' '';91.16000111897786;176;99;0.0;361.04978642263;1264;asphalte;True;Mur;True;0.20833460489907907;;0.535685607200645;;;2025-06-24 00:00:00;;2025-06-24 00:00:00;0.0;82934.28125;289.8418884277344;0.5877233743667603;0.8435422778129578;-0.06090831011533737;500.0;5000.0
BRIANCON_05_AGG_CP;44.89836120605469;6.640040874481201;2025-06-24 01:00:00;1.5383326212565152;True;'' '' '' '' '' '';92.43166605631511;176;99;0.0;361.04978642263;1264;asphalte;True;Mur;True;1.5383326212565152;;0.6631940114264212;;;2025-06-24 01:00:00;;2025-06-24 01:00:00;0.0;82898.1640625;287.69207763671875;0.20362649857997894;0.8297910690307617;-0.004232421983033419;500.0;5000.0
BRIANCON_05_AGG_CP;44.89836120605469;6.640040874481201;2025-06-24 02:00:00;1.5833358764648438;True;'' '' '' '' '' '';92.47666931152344;176;99;0.0;361.04978642263;1264;asphalte;True;Mur;True;1.5833358764648438;;0.7843869596815128;;;2025-06-24 02:00:00;;2025-06-24 02:00:00;0.0;82879.140625;286.5805358886719;0.20000000298023224;0.28655123710632324;-0.11296679824590683;500.0;5000.0
BRIANCON_05_AGG_CP;44.89836120605469;6.640040874481201;2025-06-24 03:00:00;0.3700002034505161;True;'' '' '' '' '' '';91.26333363850911;176;99;0.0;361.04978642263;1264;asphalte;True;Mur;True;0.3700002034505161;;0.8815663043310051;;;2025-06-24 03:00:00;;2025-06-24 03:00:00;0.0;82866.9609375;285.79052734375;0.44442179799079895;-0.37160181999206543;-0.25499674677848816;500.0;5000.0
BRIANCON_05_AGG_CP;44.89836120605469;6.640040874481201;2025-06-24 04:00:00;2.1399993896484375;True;'' '' '' '' '' '';93.03333282470703;176;99;0.0;361.04978642263;1264;asphalte;True;Mur;True;2.1399993896484375;;0.9399714405271264;;;2025-06-24 04:00:00;;2025-06-24 04:00:00;0.0;82860.203125;285.0679016113281;0.9042942523956299;-0.13422423601150513;-0.5454609394073486;500.0;5000.0
BRIANCON_05_AGG_CP;44.89836120605469;6.640040874481201;2025-06-24 05:00:00;1.0499979654947964;True;'' '' '' '' '' '';91.94333140055339;176;99;0.0;361.04978642263;1264;asphalte;True;Mur;True;1.0499979654947964;;0.9831971174711907;;;2025-06-24 05:00:00;;2025-06-24 05:00:00;0.0;82884.4140625;284.4970397949219;0.5173423886299133;-0.6208816766738892;-0.3716406226158142;500.0;5000.0
BRIANCON_05_AGG_CP;44.89836120605469;6.640040874481201;2025-06-24 06:00:00;0.7750002543131558;True;'' '' '' '' '' '';91.66833368937175;176;99;0.0;361.04978642263;1264;asphalte;True;Mur;True;0.7750002543131558;;0.9820936056580132;;;2025-06-24 06:00:00;;2025-06-24 06:00:00;0.0;82862.3046875;285.09332275390625;0.57463139295578;-0.8168686032295227;-0.32801559567451477;500.0;5000.0
BRIANCON_05_AGG_CP;44.89836120605469;6.640040874481201;2025-06-24 07:00:00;0.05833307902018703;True;'' '' '' '' '' '';90.95166651407878;176;99;0.0;361.04978642263;1264;asphalte;True;Mur;True;0.05833307902018703;;0.7950322041330726;;;2025-06-24 07:00:00;;2025-06-24 07:00:00;0.0;82809.15625;287.208251953125;0.8269788026809692;-0.15715360641479492;-0.2586507797241211;500.0;5000.0
BRIANCON_05_AGG_CP;44.89836120605469;6.640040874481201;2025-06-24 08:00:00;3.626667022705078;True;'' '' '' '' '' '';94.52000045776367;176;99;0.0;361.04978642263;1264;asphalte;True;Mur;True;3.626667022705078;;0.47882347501033984;;;2025-06-24 08:00:00;;2025-06-24 08:00:00;0.0;82758.9296875;289.532470703125;19.49209976196289;0.07128281146287918;-0.4422740936279297;500.0;5000.0
BRIANCON_05_AGG_CP;44.89836120605469;6.640040874481201;2025-06-24 09:00:00;2.5166664123535156;True;'' '' '' '' '' '';93.40999984741211;176;99;0.0;361.04978642263;1264;asphalte;True;Mur;True;2.5166664123535156;;0.31368701581581393;;;2025-06-24 09:00:00;;2025-06-24 09:00:00;0.0;82734.0078125;291.89678955078125;36.316768646240234;0.37537282705307007;-0.7849950790405273;500.0;5000.0
BRIANCON_05_AGG_CP;44.89836120605469;6.640040874481201;2025-06-24 10:00:00;2.2816670735677036;True;'' '' '' '' '' '';93.1750005086263;176;99;0.0;361.04978642263;1264;asphalte;True;Mur;True;2.2816670735677036;;0.22329611304525848;;;2025-06-24 10:00:00;;2025-06-24 10:00:00;0.0;82701.9296875;294.02984619140625;56.40791702270508;1.0314871072769165;-0.6931620836257935;500.0;5000.0
BRIANCON_05_AGG_CP;44.89836120605469;6.640040874481201;2025-06-24 11:00:00;1.9766654968261719;True;'' '' '' '' '' '';92.86999893188477;176;99;0.0;361.04978642263;1264;asphalte;True;Mur;True;1.9766654968261719;;0.17731653547802678;;;2025-06-24 11:00:00;;2025-06-24 11:00:00;0.0;82687.125;295.4187316894531;72.71863555908203;1.3991527557373047;-0.5682031512260437;500.0;5000.0
BRIANCON_05_AGG_CP;44.89836120605469;6.640040874481201;2025-06-24 12:00:00;1.4983329772949219;True;'' '' '' '' '' '';92.39166641235352;176;99;0.0;361.04978642263;1264;asphalte;True;Mur;True;1.4983329772949219;;0.16709551223150626;;;2025-06-24 12:00:00;;2025-06-24 12:00:00;0.0;82656.171875;296.53411865234375;78.79899597167969;1.398444652557373;-0.5690566301345825;500.0;5000.0
BRIANCON_05_AGG_CP;44.89836120605469;6.640040874481201;2025-06-24 13:00:00;2.1566670735677036;True;'' '' '' '' '' '';93.0500005086263;176;99;0.0;361.04978642263;1264;asphalte;True;Mur;True;2.1566670735677036;;0.15128695415563345;;;2025-06-24 13:00:00;;2025-06-24 13:00:00;0.0;82629.8984375;297.4061279296875;90.49073028564453;1.5286387205123901;-0.6200507879257202;500.0;5000.0
BRIANCON_05_AGG_CP;44.89836120605469;6.640040874481201;2025-06-24 14:00:00;2.128332773844406;True;'' '' '' '' '' '';93.021666208903;176;99;0.0;361.04978642263;1264;asphalte;True;Mur;True;2.128332773844406;;0.11799681105253632;;;2025-06-24 14:00:00;;2025-06-24 14:00:00;0.0;82615.4140625;297.8724670410156;82.09468078613281;1.6142784357070923;-0.49559178948402405;500.0;5000.0
BRIANCON_05_AGG_CP;44.89836120605469;6.640040874481201;2025-06-24 15:00:00;0.6216659545898438;True;'' '' '' '' '' '';91.51499938964844;176;99;0.0;361.04978642263;1264;asphalte;True;Mur;True;0.6216659545898438;;0.12010457325949478;;;2025-06-24 15:00:00;;2025-06-24 15:00:00;0.0;82618.4296875;297.8514709472656;73.88899993896484;1.3405697345733643;-0.4749431610107422;500.0;5000.0
BRIANCON_05_AGG_CP;44.89836120605469;6.640040874481201;2025-06-24 16:00:00;1.743333180745438;True;'' '' '' '' '' '';92.63666661580403;176;99;0.0;361.04978642263;1264;asphalte;True;Mur;True;1.743333180745438;;0.1505163059619362;;;2025-06-24 16:00:00;;2025-06-24 16:00:00;0.0;82649.0546875;297.2370910644531;66.5508041381836;0.5016810894012451;-0.6233348846435547;500.0;5000.0
BRIANCON_05_AGG_CP;44.89836120605469;6.640040874481201;2025-06-24 17:00:00;0.33000055948893703;True;'' '' '' '' '' '';91.22333399454753;176;99;0.0;361.04978642263;1264;asphalte;True;Mur;True;0.33000055948893703;;0.18670069152791277;;;2025-06-24 17:00:00;;2025-06-24 17:00:00;0.0;82701.8984375;295.9435729980469;63.08803939819336;-0.24637393653392792;-0.5633769631385803;500.0;5000.0
BRIANCON_05_AGG_CP;44.89836120605469;6.640040874481201;2025-06-24 18:00:00;1.8250020345052036;True;'' '' '' '' '' '';92.7183354695638;176;99;0.0;361.04978642263;1264;asphalte;True;Mur;True;1.8250020345052036;;0.21076226701388645;;;2025-06-24 18:00:00;;2025-06-24 18:00:00;0.0;82770.1015625;294.8786926269531;45.24275588989258;-0.5107995271682739;-0.4030449092388153;500.0;5000.0
BRIANCON_05_AGG_CP;44.89836120605469;6.640040874481201;2025-06-24 19:00:00;0.9900004069010464;True;'' '' '' '' '' '';91.88333384195964;176;99;0.0;361.04978642263;1264;asphalte;True;Mur;True;0.9900004069010464;;0.22781964303334595;;;2025-06-24 19:00:00;;2025-06-24 19:00:00;0.0;82790.3828125;294.40423583984375;3.6508145332336426;0.26754969358444214;-0.2832508087158203;500.0;5000.0
BRIANCON_05_AGG_CP;44.89836120605469;6.640040874481201;2025-06-24 20:00:00;1.120000203450516;True;'' '' '' '' '' '';92.01333363850911;176;99;0.0;361.04978642263;1264;asphalte;True;Mur;True;1.120000203450516;;0.2578314271068846;;;2025-06-24 20:00:00;;2025-06-24 20:00:00;0.0;82860.4296875;293.6712341308594;1.107162356376648;0.5114197731018066;0.08371666818857193;500.0;5000.0
BRIANCON_05_AGG_CP;44.89836120605469;6.640040874481201;2025-06-24 21:00:00;1.2366676330566406;True;'' '' '' '' '' '';92.13000106811523;176;99;0.0;361.04978642263;1264;asphalte;True;Mur;True;1.2366676330566406;;0.3461799206669336;;;2025-06-24 21:00:00;;2025-06-24 21:00:00;0.0;82907.0390625;292.57781982421875;0.31296688318252563;0.4729532301425934;0.44266456365585327;500.0;5000.0
BRIANCON_05_AGG_CP;44.89836120605469;6.640040874481201;2025-06-24 22:00:00;0.5033340454101562;True;'' '' '' '' '' '';91.39666748046875;176;99;0.0;361.04978642263;1264;asphalte;True;Mur;True;0.5033340454101562;;0.5164616293223262;;;2025-06-24 22:00:00;;2025-06-24 22:00:00;0.0;82940.3203125;291.267822265625;0.21193842589855194;-0.12195755541324615;0.4841960072517395;500.0;5000.0
BRIANCON_05_AGG_CP;44.89836120605469;6.640040874481201;2025-06-24 23:00:00;1.6466662089029995;True;'' '' '' '' '' '';92.5399996439616;176;99;0.0;361.04978642263;1264;asphalte;True;Mur;True;1.6466662089029995;;0.7178896149415137;;;2025-06-24 23:00:00;;2025-06-24 23:00:00;0.0;82949.765625;289.7549743652344;0.3016194701194763;-0.5694146156311035;0.13886034488677979;500.0;5000.0
BRIANCON_05_AGG_CP;44.89836120605469;6.640040874481201;2025-06-25 00:00:00;0.0;True;'' '' '' '' '' '';90.8933334350586;176;99;0.0;361.04978642263;1264;asphalte;True;Mur;True;0.0;;0.8877351002738176;;;2025-06-25 00:00:00;;2025-06-25 00:00:00;0.0;82946.65625;288.5691223144531;0.4003087878227234;-0.6890381574630737;0.37565624713897705;500.0;5000.0
BRIANCON_05_AGG_CP;44.89836120605469;6.640040874481201;2025-06-25 01:00:00;1.2233339945475308;True;'' '' '' '' '' '';92.11666742960612;176;99;0.0;361.04978642263;1264;asphalte;True;Mur;True;1.2233339945475308;;1.0083922954463864;;;2025-06-25 01:00:00;;2025-06-25 01:00:00;0.0;82955.40625;286.99212646484375;0.4838566780090332;-0.2529013752937317;0.2550038993358612;500.0;5000.0
BRIANCON_05_AGG_CP;44.89836120605469;6.640040874481201;2025-06-25 02:00:00;1.625;True;'' '' '' '' '' '';92.5183334350586;176;99;0.0;361.04978642263;1264;asphalte;True;Mur;True;1.625;;1.0894889482769565;;;2025-06-25 02:00:00;;2025-06-25 02:00:00;0.0;82938.375;286.47296142578125;0.5144289135932922;-0.9491941332817078;0.06718475371599197;500.0;5000.0
BRIANCON_05_AGG_CP;44.89836120605469;6.640040874481201;2025-06-25 03:00:00;2.16000111897786;True;'' '' '' '' '' '';93.05333455403645;176;99;0.0;361.04978642263;1264;asphalte;True;Mur;True;2.16000111897786;;1.1197901004893207;;;2025-06-25 03:00:00;;2025-06-25 03:00:00;0.0;82925.171875;286.5287780761719;0.5709052085876465;-1.2086971998214722;-0.09348641335964203;500.0;5000.0
BRIANCON_05_AGG_CP;44.89836120605469;6.640040874481201;2025-06-25 04:00:00;2.1516685485839844;True;'' '' '' '' '' '';93.04500198364258;176;99;0.0;361.04978642263;1264;asphalte;True;Mur;True;2.1516685485839844;;1.0713174488155564;;;2025-06-25 04:00:00;;2025-06-25 04:00:00;0.0;82905.796875;286.48638916015625;0.7002127170562744;-0.4065497815608978;0.04861237108707428;500.0;5000.0
BRIANCON_05_AGG_CP;44.89836120605469;6.640040874481201;2025-06-25 05:00:00;3.7100003560384067;True;'' '' '' '' '' '';94.603333791097;176;99;0.0;361.04978642263;1264;asphalte;True;Mur;True;3.7100003560384067;;1.0147624927847598;;;2025-06-25 05:00:00;;2025-06-25 05:00:00;0.0;82925.15625;286.406005859375;0.934295654296875;-0.5114086270332336;0.33812686800956726;500.0;5000.0
BRIANCON_05_AGG_CP;44.89836120605469;6.640040874481201;2025-06-25 06:00:00;1.9950014750162808;True;'' '' '' '' '' '';92.88833491007487;176;99;0.0;361.04978642263;1264;asphalte;True;Mur;True;1.9950014750162808;;1.0255780599766062;;;2025-06-25 06:00:00;;2025-06-25 06:00:00;0.0;82909.1875;286.5824890136719;0.6026420593261719;-0.7482209205627441;0.47785452008247375;500.0;5000.0
BRIANCON_05_AGG_CP;44.89836120605469;6.640040874481201;2025-06-25 07:00:00;2.7933336893717495;True;'' '' '' '' '' '';93.68666712443034;176;99;0.0;361.04978642263;1264;asphalte;True;Mur;True;2.7933336893717495;;1.0480711025613598;;;2025-06-25 07:00:00;;2025-06-25 07:00:00;0.0;82904.6796875;288.4794921875;1.4151074886322021;-0.675571620464325;-0.1717929244041443;500.0;5000.0
BRIANCON_05_AGG_CP;44.89836120605469;6.640040874481201;2025-06-25 08:00:00;3.1099980672200473;True;'' '' '' '' '' '';94.00333150227864;176;99;0.0;361.04978642263;1264;asphalte;True;Mur;True;3.1099980672200473;;0.782175008356284;;;2025-06-25 08:00:00;;2025-06-25 08:00:00;0.0;82872.6484375;291.826171875;10.339154243469238;-0.22926723957061768;-0.5675126314163208;500.0;5000.0
BRIANCON_05_AGG_CP;44.89836120605469;6.640040874481201;2025-06-25 09:00:00;2.879999796549484;True;'' '' '' '' '' '';93.77333323160808;176;99;0.0;361.04978642263;1264;asphalte;True;Mur;True;2.879999796549484;;0.3766603484190237;;;2025-06-25 09:00:00;;2025-06-25 09:00:00;0.0;82832.109375;294.6546936035156;35.74100112915039;-0.21791812777519226;-0.8064404129981995;500.0;5000.0
BRIANCON_05_AGG_CP;44.89836120605469;6.640040874481201;2025-06-25 10:00:00;3.814999898274735;True;'' '' '' '' '' '';94.70833333333333;176;99;0.0;361.04978642263;1264;asphalte;True;Mur;True;3.814999898274735;;0.20292134671803103;;;2025-06-25 10:00:00;;2025-06-25 10:00:00;0.0;82804.140625;296.2903137207031;56.557960510253906;-0.028569957241415977;-0.6642288565635681;500.0;5000.0
BRIANCON_05_AGG_CP;44.89836120605469;6.640040874481201;2025-06-25 11:00:00;2.3716659545898438;True;'' '' '' '' '' '';93.26499938964844;176;99;0.0;361.04978642263;1264;asphalte;True;Mur;True;2.3716659545898438;;0.1388837775253421;;;2025-06-25 11:00:00;;2025-06-25 11:00:00;0.0;82787.6484375;297.2130432128906;73.12715911865234;0.5076944828033447;-0.32719725370407104;500.0;5000.0
BRIANCON_05_AGG_CP;44.89836120605469;6.640040874481201;2025-06-25 12:00:00;3.7366650899251255;True;'' '' '' '' '' '';94.62999852498372;176;99;0.0;361.04978642263;1264;asphalte;True;Mur;True;3.7366650899251255;;0.12269068817545928;;;2025-06-25 12:00:00;;2025-06-25 12:00:00;0.0;82759.2109375;297.82659912109375;81.15836334228516;1.4896774291992188;0.1348247528076172;500.0;5000.0
BRIANCON_05_AGG_CP;44.89836120605469;6.640040874481201;2025-06-25 13:00:00;3.3366661071777344;True;'' '' '' '' '' '';94.22999954223633;176;99;0.0;361.04978642263;1264;asphalte;True;Mur;True;3.3366661071777344;;0.19628602942241974;;;2025-06-25 13:00:00;;2025-06-25 13:00:00;0.0;82707.25;298.7858581542969;90.37956237792969;1.8491848707199097;0.8817710876464844;500.0;5000.0
BRIANCON_05_AGG_CP;44.89836120605469;6.640040874481201;2025-06-25 14:00:00;2.6399993896484375;True;'' '' '' '' '' '';93.53333282470703;176;99;0.0;361.04978642263;1264;asphalte;True;Mur;True;2.6399993896484375;;0.26908468129475255;;;2025-06-25 14:00:00;;2025-06-25 14:00:00;0.0;82715.34375;298.5593566894531;93.36371612548828;1.7127314805984497;1.3320636749267578;500.0;5000.0
BRIANCON_05_AGG_CP;44.89836120605469;6.640040874481201;2025-06-25 15:00:00;2.293332417805985;True;'' '' '' '' '' '';93.18666585286458;176;99;0.0;361.04978642263;1264;asphalte;True;Mur;True;2.293332417805985;;0.2090987539365985;;;2025-06-25 15:00:00;;2025-06-25 15:00:00;0.0;82729.5546875;298.40106201171875;88.91490173339844;1.7897229194641113;1.337988257408142;500.0;5000.0
BRIANCON_05_AGG_CP;44.89836120605469;6.640040874481201;2025-06-25 16:00:00;1.7933324178059848;True;'' '' '' '' '' '';92.68666585286458;176;99;0.0;361.04978642263;1264;asphalte;True;Mur;True;1.7933324178059848;;0.16199441690411404;;;2025-06-25 16:00:00;;2025-06-25 16:00:00;0.0;82743.53125;297.77655029296875;82.47879791259766;1.700319528579712;1.571230173110962;500.0;5000.0
BRIANCON_05_AGG_CP;44.89836120605469;6.640040874481201;2025-06-25 17:00:00;1.3916664123535156;True;'' '' '' '' '' '';92.28499984741211;176;99;0.0;361.04978642263;1264;asphalte;True;Mur;True;1.3916664123535156;;0.15780111592422763;;;2025-06-25 17:00:00;;2025-06-25 17:00:00;0.0;82775.328125;296.99713134765625;75.01543426513672;1.569408655166626;1.3963558673858643;500.0;5000.0
BRIANCON_05_AGG_CP;44.89836120605469;6.640040874481201;2025-06-25 18:00:00;2.3899993896484375;True;'' '' '' '' '' '';93.28333282470703;176;99;0.0;361.04978642263;1264;asphalte;True;Mur;True;2.3899993896484375;;0.19700727865463313;;;2025-06-25 18:00:00;;2025-06-25 18:00:00;0.0;82820.1796875;295.8736267089844;54.53980255126953;1.5301779508590698;1.164272665977478;500.0;5000.0
BRIANCON_05_AGG_CP;44.89836120605469;6.640040874481201;2025-06-25 19:00:00;2.463334401448563;True;'' '' '' '' '' '';93.35666783650716;176;99;0.0;361.04978642263;1264;asphalte;True;Mur;True;2.463334401448563;;0.28777610177645185;;;2025-06-25 19:00:00;;2025-06-25 19:00:00;0.0;82799.7109375;294.841064453125;33.72665023803711;1.760728120803833;0.7888774275779724;500.0;5000.0
BRIANCON_05_AGG_CP;44.89836120605469;6.640040874481201;2025-06-25 20:00:00;3.470001220703125;True;'' '' '' '' '' '';94.36333465576172;176;99;0.0;361.04978642263;1264;asphalte;True;Mur;True;3.470001220703125;;0.3902129108116631;;;2025-06-25 20:00:00;;2025-06-25 20:00:00;0.0;82852.21875;294.2360534667969;1.8735787868499756;1.836194396018982;0.6279633641242981;500.0;5000.0
BRIANCON_05_AGG_CP;44.89836120605469;6.640040874481201;2025-06-25 21:00:00;1.4650001525878906;True;'' '' '' '' '' '';91.9149996439616;176;99;0.0;361.04978642263;1264;asphalte;True;Mur;True;1.4650001525878906;;0.4883211510934432;;;2025-06-25 21:00:00;;2025-06-25 21:00:00;0.0;82908.671875;293.2684020996094;1.3042601346969604;1.9326491355895996;0.4365244209766388;500.0;5000.0
BRIANCON_05_AGG_CP;44.89836120605469;6.640040874481201;2025-06-25 22:00:00;0.8350016276041572;True;'' '' '' '' '' '';91.28500111897786;176;99;0.0;361.04978642263;1264;asphalte;True;Mur;True;0.8350016276041572;;0.5675647939910183;;;2025-06-25 22:00:00;;2025-06-25 22:00:00;0.0;82935.0;292.0263977050781;0.9055077433586121;1.7811976671218872;0.1354352831840515;500.0;5000.0
BRIANCON_05_AGG_CP;44.89836120605469;6.640040874481201;2025-06-25 23:00:00;2.8483339945475166;True;'' '' '' '' '' '';92.99500020345052;176;99;0.0;361.04978642263;1264;asphalte;True;Mur;True;2.8483339945475166;;0.6351915575551065;;;2025-06-25 23:00:00;;2025-06-25 23:00:00;0.0;82936.9375;290.8859558105469;1.193153738975525;1.455419659614563;0.34188687801361084;500.0;5000.0
BRIANCON_05_AGG_CP;44.89836120605469;6.640040874481201;2025-06-26 00:00:00;3.188334147135407;True;'' '' '' '' '' '';93.3350003560384;176;99;0.0;361.04978642263;1264;asphalte;True;Mur;True;3.188334147135407;;0.6973478435326474;;;2025-06-26 00:00:00;;2025-06-26 00:00:00;0.0;82919.8359375;289.6861572265625;1.2982980012893677;1.0879205465316772;0.9506436586380005;500.0;5000.0
BRIANCON_05_AGG_CP;44.89836120605469;6.640040874481201;2025-06-26 01:00:00;3.4033330281575473;True;'' '' '' '' '' '';93.54999923706055;176;99;0.0;361.04978642263;1264;asphalte;True;Mur;True;3.4033330281575473;;0.7557809358817863;;;2025-06-26 01:00:00;;2025-06-26 01:00:00;0.0;82942.015625;289.2998962402344;0.9977934956550598;1.278780460357666;1.0374218225479126;500.0;5000.0
BRIANCON_05_AGG_CP;44.89836120605469;6.640040874481201;2025-06-26 02:00:00;3.8049990336100166;True;'' '' '' '' '' '';93.95166524251302;176;99;0.0;361.04978642263;1264;asphalte;True;Mur;True;3.8049990336100166;;0.7850106307182025;;;2025-06-26 02:00:00;;2025-06-26 02:00:00;0.0;82926.9921875;288.447509765625;1.4173686504364014;1.2982844114303589;0.9411740899085999;500.0;5000.0
BRIANCON_05_AGG_CP;44.89836120605469;6.640040874481201;2025-06-26 03:00:00;2.5533345540364536;True;'' '' '' '' '' '';92.70000076293945;176;99;0.0;361.04978642263;1264;asphalte;True;Mur;True;2.5533345540364536;;0.8115353603965064;;;2025-06-26 03:00:00;;2025-06-26 03:00:00;0.0;82906.9609375;287.6295166015625;0.9896340370178223;1.1408917903900146;1.0693529844284058;500.0;5000.0
BRIANCON_05_AGG_CP;44.89836120605469;6.640040874481201;2025-06-26 04:00:00;3.083334604899079;True;'' '' '' '' '' '';93.23000081380208;176;99;0.0;361.04978642263;1264;asphalte;True;Mur;True;3.083334604899079;;0.7980475655311459;;;2025-06-26 04:00:00;;2025-06-26 04:00:00;0.0;82903.03125;286.93511962890625;1.3454595804214478;0.9239082932472229;1.6419682502746582;500.0;5000.0
BRIANCON_05_AGG_CP;44.89836120605469;6.640040874481201;2025-06-26 05:00:00;2.7016677856445312;True;'' '' '' '' '' '';92.84833399454753;176;99;0.0;361.04978642263;1264;asphalte;True;Mur;True;2.7016677856445312;;0.9543666638217596;;;2025-06-26 05:00:00;;2025-06-26 05:00:00;0.07504118233919144;82933.9140625;286.9779052734375;0.4158860743045807;1.300143837928772;1.152071475982666;500.0;5000.0
BRIANCON_05_AGG_CP;44.89836120605469;6.640040874481201;2025-06-26 06:00:00;3.601668039957673;True;'' '' '' '' '' '';93.74833424886067;176;99;0.0;361.04978642263;1264;asphalte;True;Mur;True;3.601668039957673;;1.1331431886557608;;;2025-06-26 06:00:00;;2025-06-26 06:00:00;0.0012515952112153172;82926.78125;287.1505126953125;0.49716490507125854;1.303991675376892;1.5334501266479492;500.0;5000.0
BRIANCON_05_AGG_CP;44.89836120605469;6.640040874481201;2025-06-26 07:00:00;4.103335062662751;True;'' '' '' '' '' '';94.25000127156575;176;99;0.0;361.04978642263;1264;asphalte;True;Mur;True;4.103335062662751;;0.710043840130431;;;2025-06-26 07:00:00;;2025-06-26 07:00:00;0.0;82871.6015625;289.3223571777344;36.4438362121582;0.955005407333374;0.4200725555419922;2750.0;2948.175
BRIANCON_05_AGG_CP;44.89836120605469;6.640040874481201;2025-06-26 08:00:00;2.765000661214188;True;'' '' '' '' '' '';92.91166687011719;176;99;0.0;361.04978642263;1264;asphalte;True;Mur;True;2.765000661214188;;0.2880245114677063;;;2025-06-26 08:00:00;;2025-06-26 08:00:00;0.0;82803.9296875;290.6974182128906;47.78182601928711;1.3599299192428589;0.10434996336698532;500.0;5000.0
BRIANCON_05_AGG_CP;44.89836120605469;6.640040874481201;2025-06-26 09:00:00;2.359999338785798;True;'' '' '' '' '' '';92.5066655476888;176;99;0.0;361.04978642263;1264;asphalte;True;Mur;True;2.359999338785798;;0.13149540050577668;;;2025-06-26 09:00:00;;2025-06-26 09:00:00;0.0;82769.5390625;292.1166687011719;83.16310119628906;1.9261057376861572;0.9761818051338196;1750.0;8800.0
BRIANCON_05_AGG_CP;44.89836120605469;6.640040874481201;2025-06-26 10:00:00;2.3466669718424384;True;'' '' '' '' '' '';92.49333318074544;176;99;0.0;361.04978642263;1264;asphalte;True;Mur;True;2.3466669718424384;;0.3137790320541928;;;2025-06-26 10:00:00;;2025-06-26 10:00:00;0.15357284247875214;82854.765625;290.29327392578125;79.54240417480469;2.4899842739105225;0.2817213237285614;500.0;5000.0
BRIANCON_05_AGG_CP;44.89836120605469;6.640040874481201;2025-06-26 11:00:00;1.8149986267089844;True;'' '' '' '' '' '';91.96166483561198;176;99;0.0;361.04978642263;1264;asphalte;True;Mur;True;1.8149986267089844;;0.7614047088135012;;;2025-06-26 11:00:00;;2025-06-26 11:00:00;0.0;82808.6328125;291.1546936035156;92.08674621582031;2.636164665222168;0.32472023367881775;500.0;5000.0
BRIANCON_05_AGG_CP;44.89836120605469;6.640040874481201;2025-06-26 12:00:00;1.6083335876464844;True;'' '' '' '' '' '';91.75499979654948;176;99;0.0;361.04978642263;1264;asphalte;True;Mur;True;1.6083335876464844;;0.3496262605600861;;;2025-06-26 12:00:00;;2025-06-26 12:00:00;0.0;82765.7109375;292.2044677734375;94.94148254394531;2.3267574310302734;0.5851777791976929;500.0;5000.0
BRIANCON_05_AGG_CP;44.89836120605469;6.640040874481201;2025-06-26 13:00:00;1.9766693115234375;True;'' '' '' '' '' '';92.12333552042644;176;99;0.0;361.04978642263;1264;asphalte;True;Mur;True;1.9766693115234375;;0.17079692152775772;;;2025-06-26 13:00:00;;2025-06-26 13:00:00;0.0;82746.2109375;293.35791015625;100.0315933227539;1.6001567840576172;1.0853066444396973;500.0;5000.0
BRIANCON_05_AGG_CP;44.89836120605469;6.640040874481201;2025-06-26 14:00:00;2.051666259765625;True;'' '' '' '' '' '';92.19833246866862;176;99;0.0;361.04978642263;1264;asphalte;True;Mur;True;2.051666259765625;;0.14038020014007016;;;2025-06-26 14:00:00;;2025-06-26 14:00:00;0.0;82729.046875;293.7606201171875;96.24138641357422;1.466168999671936;0.9856380224227905;500.0;5000.0
BRIANCON_05_AGG_CP;44.89836120605469;6.640040874481201;2025-06-26 15:00:00;2.291666666666657;True;'' '' '' '' '' '';92.43833287556966;176;99;0.0;361.04978642263;1264;asphalte;True;Mur;True;2.291666666666657;;0.1354006994415749;;;2025-06-26 15:00:00;;2025-06-26 15:00:00;0.0;82747.171875;293.74493408203125;92.43595123291016;1.1877422332763672;1.1941851377487183;500.0;5000.0
BRIANCON_05_AGG_CP;44.89836120605469;6.640040874481201;2025-06-26 16:00:00;2.039999643961579;True;'' '' '' '' '' '';92.18666585286458;176;99;0.0;361.04978642263;1264;asphalte;True;Mur;True;2.039999643961579;;0.13581779743834094;;;2025-06-26 16:00:00;;2025-06-26 16:00:00;0.0;82789.78125;293.4831848144531;81.86751556396484;0.489439457654953;1.254755973815918;500.0;5000.0
BRIANCON_05_AGG_CP;44.89836120605469;6.640040874481201;2025-06-26 17:00:00;1.3200009663899692;True;'' '' '' '' '' '';91.46666717529297;176;99;0.0;361.04978642263;1264;asphalte;True;Mur;True;1.3200009663899692;;0.14936572486669297;;;2025-06-26 17:00:00;;2025-06-26 17:00:00;0.0;82806.890625;293.14617919921875;68.2986831665039;0.48908594250679016;0.5051833987236023;500.0;5000.0
BRIANCON_05_AGG_CP;44.89836120605469;6.640040874481201;2025-06-26 18:00:00;0.9733327229817661;True;'' '' '' '' '' '';91.11999893188477;176;99;0.0;361.04978642263;1264;asphalte;True;Mur;True;0.9733327229817661;;0.1737599932103047;;;2025-06-26 18:00:00;;2025-06-26 18:00:00;0.0;82872.4296875;292.4158020019531;53.80355453491211;-0.39262303709983826;0.14089292287826538;500.0;5000.0
BRIANCON_05_AGG_CP;44.89836120605469;6.640040874481201;2025-06-26 19:00:00;1.7049992879231723;True;'' '' '' '' '' '';91.85166549682617;176;99;0.0;361.04978642263;1264;asphalte;True;Mur;True;1.7049992879231723;;0.19466754868236597;;;2025-06-26 19:00:00;;2025-06-26 19:00:00;0.0;82901.5234375;291.158447265625;45.4794921875;-0.8316465020179749;-0.23144413530826569;500.0;5000.0
BRIANCON_05_AGG_CP;44.89836120605469;6.640040874481201;2025-06-26 20:00:00;0.3033332824707031;True;'' '' '' '' '' '';90.4499994913737;176;99;0.0;361.04978642263;1264;asphalte;True;Mur;True;0.3033332824707031;;0.21485469653415024;;;2025-06-26 20:00:00;;2025-06-26 20:00:00;0.0;83032.6953125;288.7492980957031;36.405494689941406;-2.184333324432373;-0.17785151302814484;500.0;5000.0
BRIANCON_05_AGG_CP;44.89836120605469;6.640040874481201;2025-06-26 21:00:00;1.1866683959960938;True;'' '' '' '' '' '';91.3333346048991;176;99;0.0;361.04978642263;1264;asphalte;True;Mur;True;1.1866683959960938;;0.2549411365609239;;;2025-06-26 21:00:00;;2025-06-26 21:00:00;0.0;83080.4296875;288.1343078613281;26.106725692749023;-2.1890323162078857;0.6029822826385498;500.0;5000.0
BRIANCON_05_AGG_CP;44.89836120605469;6.640040874481201;2025-06-26 22:00:00;0.0;True;'' '' '' '' '' '';90.146666208903;176;99;0.0;361.04978642263;1264;asphalte;True;Mur;True;0.0;;0.2655877227126721;;;2025-06-26 22:00:00;;2025-06-26 22:00:00;0.0;83102.171875;287.864990234375;7.266541957855225;-2.0812811851501465;0.6913795471191406;500.0;5000.0
BRIANCON_05_AGG_CP;44.89836120605469;6.640040874481201;2025-06-26 23:00:00;0.7066663106282505;True;'' '' '' '' '' '';90.85333251953125;176;99;0.0;361.04978642263;1264;asphalte;True;Mur;True;0.7066663106282505;;0.2788919485977037;;;2025-06-26 23:00:00;;2025-06-26 23:00:00;0.0;83116.6328125;287.6993408203125;6.188810348510742;-1.8175369501113892;0.2383880615234375;500.0;5000.0
BRIANCON_05_AGG_CP;44.89836120605469;6.640040874481201;2025-06-27 00:00:00;0.20666631062825047;True;'' '' '' '' '' '';90.35333251953125;176;99;0.0;361.04978642263;1264;asphalte;True;Mur;True;0.20666631062825047;;0.3016203253955116;;;2025-06-27 00:00:00;;2025-06-27 00:00:00;0.0;83107.5;287.41046142578125;1.8104230165481567;-1.3032023906707764;-0.5939228534698486;500.0;5000.0
BRIANCON_05_AGG_CP;44.89836120605469;6.640040874481201;2025-06-27 01:00:00;0.7883326212565009;True;'' '' '' '' '' '';90.9349988301595;176;99;0.0;361.04978642263;1264;asphalte;True;Mur;True;0.7883326212565009;;0.34027729364696085;;;2025-06-27 01:00:00;;2025-06-27 01:00:00;0.0;83104.28125;286.8591613769531;2.645148754119873;-1.0995005369186401;-0.38231155276298523;500.0;5000.0
BRIANCON_05_AGG_CP;44.89836120605469;6.640040874481201;2025-06-27 02:00:00;0.29500071207681344;True;'' '' '' '' '' '';90.44166692097981;176;99;0.0;361.04978642263;1264;asphalte;True;Mur;True;0.29500071207681344;;0.39355406141004107;;;2025-06-27 02:00:00;;2025-06-27 02:00:00;0.0;83105.8125;286.54132080078125;2.3592753410339355;-1.2675755023956299;-0.45882725715637207;500.0;5000.0
BRIANCON_05_AGG_CP;44.89836120605469;6.640040874481201;2025-06-27 03:00:00;0.8483352661132812;True;'' '' '' '' '' '';90.99500147501628;176;99;0.0;361.04978642263;1264;asphalte;True;Mur;True;0.8483352661132812;;0.45704831521005407;;;2025-06-27 03:00:00;;2025-06-27 03:00:00;0.0;83095.84375;286.1949462890625;1.5579211711883545;-1.0087828636169434;-0.7204599380493164;500.0;5000.0
BRIANCON_05_AGG_CP;44.89836120605469;6.640040874481201;2025-06-27 04:00:00;2.590001424153641;True;'' '' '' '' '' '';92.73666763305664;176;99;0.0;361.04978642263;1264;asphalte;True;Mur;True;2.590001424153641;;0.5176411545498166;;;2025-06-27 04:00:00;;2025-06-27 04:00:00;0.0;83127.453125;285.63568115234375;1.6214454174041748;-1.1566832065582275;-0.42747655510902405;500.0;5000.0
BRIANCON_05_AGG_CP;44.89836120605469;6.640040874481201;2025-06-27 05:00:00;1.3300018310546875;True;'' '' '' '' '' '';91.47666803995769;176;99;0.0;361.04978642263;1264;asphalte;True;Mur;True;1.3300018310546875;;0.5638240850765197;;;2025-06-27 05:00:00;;2025-06-27 05:00:00;0.0;83143.609375;285.34832763671875;1.2012730836868286;-1.0247069597244263;-0.1676805466413498;500.0;5000.0
BRIANCON_05_AGG_CP;44.89836120605469;6.640040874481201;2025-06-27 06:00:00;1.2566680908203125;True;'' '' '' '' '' '';91.40333429972331;176;99;0.0;361.04978642263;1264;asphalte;True;Mur;True;1.2566680908203125;;0.6352495677923453;;;2025-06-27 06:00:00;;2025-06-27 06:00:00;0.0;83113.6171875;285.95989990234375;0.7806001305580139;-0.870386004447937;0.13729143142700195;500.0;5000.0
BRIANCON_05_AGG_CP;44.89836120605469;6.640040874481201;2025-06-27 07:00:00;1.943333943684891;True;'' '' '' '' '' '';92.09000015258789;176;99;0.0;361.04978642263;1264;asphalte;True;Mur;True;1.943333943684891;;0.636130552530631;;;2025-06-27 07:00:00;;2025-06-27 07:00:00;0.0;83082.75;287.7812805175781;0.8416237831115723;-0.5534389019012451;-0.10260021686553955;500.0;5000.0
BRIANCON_05_AGG_CP;44.89836120605469;6.640040874481201;2025-06-27 08:00:00;1.8166681925455634;True;'' '' '' '' '' '';91.96333440144856;176;99;0.0;361.04978642263;1264;asphalte;True;Mur;True;1.8166681925455634;;0.4676781910958189;;;2025-06-27 08:00:00;;2025-06-27 08:00:00;0.0;83061.5234375;290.6021423339844;15.54109001159668;-0.3104959726333618;-0.8404204249382019;500.0;5000.0
BRIANCON_05_AGG_CP;44.89836120605469;6.640040874481201;2025-06-27 09:00:00;3.144999186197907;True;'' '' '' '' '' '';93.2916653951009;176;99;0.0;361.04978642263;1264;asphalte;True;Mur;True;3.144999186197907;;0.3249929134401669;;;2025-06-27 09:00:00;;2025-06-27 09:00:00;0.0;83054.59375;293.05718994140625;43.961265563964844;-0.5818042159080505;-0.961755096912384;500.0;5000.0
BRIANCON_05_AGG_CP;44.89836120605469;6.640040874481201;2025-06-27 10:00:00;3.5550003051757812;True;'' '' '' '' '' '';93.70166651407878;176;99;0.0;361.04978642263;1264;asphalte;True;Mur;True;3.5550003051757812;;0.21339580493287547;;;2025-06-27 10:00:00;;2025-06-27 10:00:00;0.0;83059.8515625;294.2778015136719;58.272560119628906;-0.8356035947799683;-0.6422863006591797;500.0;5000.0
BRIANCON_05_AGG_CP;44.89836120605469;6.640040874481201;2025-06-27 11:00:00;2.075000762939453;True;'' '' '' '' '' '';92.22166697184245;176;99;0.0;361.04978642263;1264;asphalte;True;Mur;True;2.075000762939453;;0.15851302204421963;;;2025-06-27 11:00:00;;2025-06-27 11:00:00;0.0;83075.546875;294.90716552734375;66.47264862060547;-0.7750978469848633;-0.6558400392532349;500.0;5000.0
BRIANCON_05_AGG_CP;44.89836120605469;6.640040874481201;2025-06-27 12:00:00;2.6866683959960938;True;'' '' '' '' '' '';92.8333346048991;176;99;0.0;361.04978642263;1264;asphalte;True;Mur;True;2.6866683959960938;;0.165276361932358;;;2025-06-27 12:00:00;;2025-06-27 12:00:00;0.05258999764919281;83078.1640625;295.55010986328125;71.93111419677734;-0.7590977549552917;-0.8565279841423035;500.0;5000.0
BRIANCON_05_AGG_CP;44.89836120605469;6.640040874481201;2025-06-27 13:00:00;1.3583348592122348;True;'' '' '' '' '' '';91.50500106811523;176;99;0.0;361.04978642263;1264;asphalte;True;Mur;True;1.3583348592122348;;0.22296324942577828;;;2025-06-27 13:00:00;;2025-06-27 13:00:00;0.0;83113.7265625;295.60809326171875;67.87553405761719;-1.3385692834854126;-0.5122547149658203;500.0;5000.0
BRIANCON_05_AGG_CP;44.89836120605469;6.640040874481201;2025-06-27 14:00:00;1.4683329264322822;True;'' '' '' '' '' '';91.61499913533528;176;99;0.0;361.04978642263;1264;asphalte;True;Mur;True;1.4683329264322822;;0.18026551930859502;;;2025-06-27 14:00:00;;2025-06-27 14:00:00;0.0;83097.5625;296.2975158691406;71.34709930419922;-1.2198758125305176;-0.41763314604759216;500.0;5000.0
BRIANCON_05_AGG_CP;44.89836120605469;6.640040874481201;2025-06-27 15:00:00;2.8299992879231723;True;'' '' '' '' '' '';92.97666549682617;176;99;0.0;361.04978642263;1264;asphalte;True;Mur;True;2.8299992879231723;;0.17304856278401587;;;2025-06-27 15:00:00;;2025-06-27 15:00:00;0.0;83115.28125;296.2221984863281;70.71052551269531;-1.6487529277801514;-0.5064589381217957;500.0;5000.0
BRIANCON_05_AGG_CP;44.89836120605469;6.640040874481201;2025-06-27 16:00:00;1.0700009663899692;True;'' '' '' '' '' '';91.21666717529297;176;99;0.0;361.04978642263;1264;asphalte;True;Mur;True;1.0700009663899692;;0.17143977887714226;;;2025-06-27 16:00:00;;2025-06-27 16:00:00;0.0;83159.9609375;295.5303649902344;64.80435943603516;-2.3546652793884277;-0.27271568775177;500.0;5000.0
BRIANCON_05_AGG_CP;44.89836120605469;6.640040874481201;2025-06-27 17:00:00;1.9499994913736884;True;'' '' '' '' '' '';92.09666570027669;176;99;0.0;361.04978642263;1264;asphalte;True;Mur;True;1.9499994913736884;;0.16904816169940537;;;2025-06-27 17:00:00;;2025-06-27 17:00:00;0.0;83184.15625;294.8598327636719;55.463260650634766;-2.2814438343048096;-0.08786320686340332;500.0;5000.0
BRIANCON_05_AGG_CP;44.89836120605469;6.640040874481201;2025-06-27 18:00:00;1.510000864664704;True;'' '' '' '' '' '';91.6566670735677;176;99;0.0;361.04978642263;1264;asphalte;True;Mur;True;1.510000864664704;;0.16087480468867515;;;2025-06-27 18:00:00;;2025-06-27 18:00:00;0.0;83226.1171875;294.3124084472656;44.04363250732422;-2.05619740486145;-0.04186401516199112;500.0;5000.0
BRIANCON_05_AGG_CP;44.89836120605469;6.640040874481201;2025-06-27 19:00:00;2.8483339945475166;True;'' '' '' '' '' '';92.99500020345052;176;99;0.0;361.04978642263;1264;asphalte;True;Mur;True;2.8483339945475166;;0.15872166862079817;;;2025-06-27 19:00:00;;2025-06-27 19:00:00;0.0;83245.65625;293.4154052734375;32.62754821777344;-2.0103962421417236;-0.005341768264770508;500.0;5000.0
BRIANCON_05_AGG_CP;44.89836120605469;6.640040874481201;2025-06-27 20:00:00;0.6266657511393134;True;'' '' '' '' '' '';90.77333196004231;176;99;0.0;361.04978642263;1264;asphalte;True;Mur;True;0.6266657511393134;;0.17029833354045495;;;2025-06-27 20:00:00;;2025-06-27 20:00:00;0.0;83335.8984375;292.5191955566406;21.735652923583984;-1.7933743000030518;0.3077276051044464;500.0;5000.0
BRIANCON_05_AGG_CP;44.89836120605469;6.640040874481201;2025-06-27 21:00:00;1.708334604899079;True;'' '' '' '' '' '';91.85500081380208;176;99;0.0;361.04978642263;1264;asphalte;True;Mur;True;1.708334604899079;;0.1927950962939129;;;2025-06-27 21:00:00;;2025-06-27 21:00:00;0.0;83388.4921875;292.0259704589844;2.256617546081543;-1.3351342678070068;0.2652406692504883;500.0;5000.0
BRIANCON_05_AGG_CP;44.89836120605469;6.640040874481201;2025-06-27 22:00:00;1.5500017801920478;True;'' '' '' '' '' '';91.69666798909505;176;99;0.0;361.04978642263;1264;asphalte;True;Mur;True;1.5500017801920478;;0.23151100177545847;;;2025-06-27 22:00:00;;2025-06-27 22:00:00;0.0;83424.6640625;291.56231689453125;1.102746844291687;-1.0510841608047485;0.2558101713657379;500.0;5000.0
BRIANCON_05_AGG_CP;44.89836120605469;6.640040874481201;2025-06-27 23:00:00;1.0000012715657505;True;'' '' '' '' '' '';91.353333791097;176;99;0.0;361.04978642263;1264;asphalte;True;Mur;True;1.0000012715657505;;0.29689507688272776;;;2025-06-27 23:00:00;;2025-06-27 23:00:00;0.0;83450.578125;290.7968444824219;0.965854287147522;-0.9366639256477356;0.37045425176620483;500.0;5000.0
BRIANCON_05_AGG_CP;44.89836120605469;6.640040874481201;2025-06-28 00:00:00;2.443333943684891;True;'' '' '' '' '' '';92.79666646321614;176;99;0.0;361.04978642263;1264;asphalte;True;Mur;True;2.443333943684891;;0.4072002012921877;;;2025-06-28 00:00:00;;2025-06-28 00:00:00;0.0;83457.375;289.99786376953125;0.5651292204856873;-0.8277970552444458;0.33108335733413696;500.0;5000.0
BRIANCON_05_AGG_CP;44.89836120605469;6.640040874481201;2025-06-28 01:00:00;1.4583333333333428;True;'' '' '' '' '' '';91.90000025431316;176;99;0.0;361.04978642263;1264;asphalte;True;Mur;True;1.4583333333333428;;0.5694231707247671;;;2025-06-28 01:00:00;;2025-06-28 01:00:00;0.0;83468.796875;288.0474853515625;0.5826991200447083;-0.6710994839668274;0.4078424274921417;500.0;5000.0
BRIANCON_05_AGG_CP;44.89836120605469;6.640040874481201;2025-06-28 02:00:00;1.9283320109049527;True;'' '' '' '' '' '';92.36999893188477;176;99;0.0;361.04978642263;1264;asphalte;True;Mur;True;1.9283320109049527;;0.7403503103544512;;;2025-06-28 02:00:00;;2025-06-28 02:00:00;0.0;83466.9375;287.359375;0.5476668477058411;-0.6186784505844116;0.3054231107234955;500.0;5000.0
BRIANCON_05_AGG_CP;44.89836120605469;6.640040874481201;2025-06-28 03:00:00;1.6083348592122348;True;'' '' '' '' '' '';92.05666732788086;176;99;0.0;361.04978642263;1264;asphalte;True;Mur;True;1.6083348592122348;;0.874737977364648;;;2025-06-28 03:00:00;;2025-06-28 03:00:00;0.0;83454.78125;286.920166015625;0.36070147156715393;-0.4520256817340851;0.6478917598724365;500.0;5000.0
BRIANCON_05_AGG_CP;44.89836120605469;6.640040874481201;2025-06-28 04:00:00;2.2466659545898438;True;'' '' '' '' '' '';92.69499842325847;176;99;0.0;361.04978642263;1264;asphalte;True;Mur;True;2.2466659545898438;;0.971132744533032;;;2025-06-28 04:00:00;;2025-06-28 04:00:00;0.0;83449.84375;286.8063659667969;0.44433844089508057;-0.8658366203308105;0.4244597256183624;500.0;5000.0
BRIANCON_05_AGG_CP;44.89836120605469;6.640040874481201;2025-06-28 05:00:00;1.27166748046875;True;'' '' '' '' '' '';91.71999994913737;176;99;0.0;361.04978642263;1264;asphalte;True;Mur;True;1.27166748046875;;1.039580043143279;;;2025-06-28 05:00:00;;2025-06-28 05:00:00;0.0;83440.40625;286.68499755859375;0.6574410796165466;-0.9011605381965637;0.3868715167045593;500.0;5000.0
BRIANCON_05_AGG_CP;44.89836120605469;6.640040874481201;2025-06-28 06:00:00;2.3033345540364536;True;'' '' '' '' '' '';92.75166702270508;176;99;0.0;361.04978642263;1264;asphalte;True;Mur;True;2.3033345540364536;;1.0635300257653968;;;2025-06-28 06:00:00;;2025-06-28 06:00:00;0.0;83403.6328125;287.24493408203125;0.6600005626678467;-0.7534395456314087;0.375554621219635;500.0;5000.0
BRIANCON_05_AGG_CP;44.89836120605469;6.640040874481201;2025-06-28 07:00:00;1.965001424153641;True;'' '' '' '' '' '';92.41333389282227;176;99;0.0;361.04978642263;1264;asphalte;True;Mur;True;1.965001424153641;;1.0118415870799535;;;2025-06-28 07:00:00;;2025-06-28 07:00:00;0.0;83382.34375;288.9743957519531;0.792515218257904;-0.35901620984077454;0.10408557951450348;500.0;5000.0
BRIANCON_05_AGG_CP;44.89836120605469;6.640040874481201;2025-06-28 08:00:00;2.7716662089029853;True;'' '' '' '' '' '';93.21999867757161;176;99;0.0;361.04978642263;1264;asphalte;True;Mur;True;2.7716662089029853;;0.7324514042159058;;;2025-06-28 08:00:00;;2025-06-28 08:00:00;0.0;83358.2109375;291.88177490234375;11.14068603515625;0.2994544804096222;-0.37272268533706665;500.0;5000.0
BRIANCON_05_AGG_CP;44.89836120605469;6.640040874481201;2025-06-28 09:00:00;0.9616686503092353;True;'' '' '' '' '' '';91.41000111897786;176;99;0.0;361.04978642263;1264;asphalte;True;Mur;True;0.9616686503092353;;0.4457814000748128;;;2025-06-28 09:00:00;;2025-06-28 09:00:00;0.0;83338.9765625;294.1403503417969;40.865665435791016;0.6630037426948547;-0.4782220721244812;500.0;5000.0
BRIANCON_05_AGG_CP;44.89836120605469;6.640040874481201;2025-06-28 10:00:00;1.8483339945475166;True;'' '' '' '' '' '';92.29666646321614;176;99;0.0;361.04978642263;1264;asphalte;True;Mur;True;1.8483339945475166;;0.24563856807977014;;;2025-06-28 10:00:00;;2025-06-28 10:00:00;0.0;83323.7265625;296.1117248535156;63.30614471435547;0.6294877529144287;-0.295842707157135;500.0;5000.0
BRIANCON_05_AGG_CP;44.89836120605469;6.640040874481201;2025-06-28 11:00:00;1.5716679890950473;True;'' '' '' '' '' '';92.02000045776367;176;99;0.0;361.04978642263;1264;asphalte;True;Mur;True;1.5716679890950473;;0.13691562532162915;;;2025-06-28 11:00:00;;2025-06-28 11:00:00;0.0;83304.546875;297.422607421875;74.2665786743164;-0.003424994647502899;-0.25910496711730957;500.0;5000.0
BRIANCON_05_AGG_CP;44.89836120605469;6.640040874481201;2025-06-28 12:00:00;1.06500244140625;True;'' '' '' '' '' '';91.51333491007487;176;99;0.0;361.04978642263;1264;asphalte;True;Mur;True;1.06500244140625;;0.09656133314814297;;;2025-06-28 12:00:00;;2025-06-28 12:00:00;0.0;83283.984375;298.0633544921875;79.50985717773438;-0.5868338942527771;-0.35338303446769714;500.0;5000.0
BRIANCON_05_AGG_CP;44.89836120605469;6.640040874481201;2025-06-28 13:00:00;2.0433349609375;True;'' '' '' '' '' '';92.49166742960612;176;99;0.0;361.04978642263;1264;asphalte;True;Mur;True;2.0433349609375;;0.09498348152925037;;;2025-06-28 13:00:00;;2025-06-28 13:00:00;0.0;83258.7890625;298.5121154785156;86.08808898925781;-0.5764734148979187;-0.5153039693832397;500.0;5000.0
BRIANCON_05_AGG_CP;44.89836120605469;6.640040874481201;2025-06-28 14:00:00;2.6050008138020786;True;'' '' '' '' '' '';93.0533332824707;176;99;0.0;361.04978642263;1264;asphalte;True;Mur;True;2.6050008138020786;;0.10359090294549331;;;2025-06-28 14:00:00;;2025-06-28 14:00:00;0.0;83254.1875;298.68743896484375;81.78375244140625;-0.4565478563308716;-0.5359957218170166;500.0;5000.0
BRIANCON_05_AGG_CP;44.89836120605469;6.640040874481201;2025-06-28 15:00:00;3.4083328247070312;True;'' '' '' '' '' '';93.85666529337566;176;99;0.0;361.04978642263;1264;asphalte;True;Mur;True;3.4083328247070312;;0.12243121555628733;;;2025-06-28 15:00:00;;2025-06-28 15:00:00;0.0;83250.8359375;298.7133483886719;77.84061431884766;-0.33333128690719604;-0.5835067629814148;500.0;5000.0
BRIANCON_05_AGG_CP;44.89836120605469;6.640040874481201;2025-06-28 16:00:00;1.046666463216141;True;'' '' '' '' '' '';91.49499893188477;176;99;0.0;361.04978642263;1264;asphalte;True;Mur;True;1.046666463216141;;0.14947031649501993;;;2025-06-28 16:00:00;;2025-06-28 16:00:00;0.0;83256.21875;298.4574279785156;72.57161712646484;-0.20996570587158203;-0.44428110122680664;500.0;5000.0
BRIANCON_05_AGG_CP;44.89836120605469;6.640040874481201;2025-06-28 17:00:00;2.063334147135407;True;'' '' '' '' '' '';92.51166661580403;176;99;0.0;361.04978642263;1264;asphalte;True;Mur;True;2.063334147135407;;0.17751183823636746;;;2025-06-28 17:00:00;;2025-06-28 17:00:00;0.0;83279.625;297.7691955566406;63.080772399902344;-0.18114688992500305;-0.26096096634864807;500.0;5000.0
BRIANCON_05_AGG_CP;44.89836120605469;6.640040874481201;2025-06-28 18:00:00;2.5783335367838447;True;'' '' '' '' '' '';93.02666600545247;176;99;0.0;361.04978642263;1264;asphalte;True;Mur;True;2.5783335367838447;;0.2022560951727738;;;2025-06-28 18:00:00;;2025-06-28 18:00:00;0.0;83331.578125;296.7063903808594;51.1324462890625;-0.1493692398071289;-0.31634584069252014;500.0;5000.0
BRIANCON_05_AGG_CP;44.89836120605469;6.640040874481201;2025-06-28 19:00:00;0.9283345540364536;True;'' '' '' '' '' '';91.37666702270508;176;99;0.0;361.04978642263;1264;asphalte;True;Mur;True;0.9283345540364536;;0.22528021928393954;;;2025-06-28 19:00:00;;2025-06-28 19:00:00;0.0;83343.8359375;295.62237548828125;23.844966888427734;-0.04970703274011612;-0.4170752763748169;500.0;5000.0
BRIANCON_05_AGG_CP;44.89836120605469;6.640040874481201;2025-06-28 20:00:00;1.8750012715657505;True;'' '' '' '' '' '';92.32333374023438;176;99;0.0;361.04978642263;1264;asphalte;True;Mur;True;1.8750012715657505;;0.2530475584931399;;;2025-06-28 20:00:00;;2025-06-28 20:00:00;0.0;83407.1328125;294.5782775878906;0.37909507751464844;-0.2597332000732422;-0.16584289073944092;500.0;5000.0
BRIANCON_05_AGG_CP;44.89836120605469;6.640040874481201;2025-06-28 21:00:00;1.693333943684891;True;'' '' '' '' '' '';92.14166641235352;176;99;0.0;361.04978642263;1264;asphalte;True;Mur;True;1.693333943684891;;0.30771793804468955;;;2025-06-28 21:00:00;;2025-06-28 21:00:00;0.0;83448.3828125;293.8110046386719;0.35859954357147217;-0.3491062521934509;0.15987323224544525;500.0;5000.0
BRIANCON_05_AGG_CP;44.89836120605469;6.640040874481201;2025-06-28 22:00:00;0.0;True;'' '' '' '' '' '';90.44833246866862;176;99;0.0;361.04978642263;1264;asphalte;True;Mur;True;0.0;;0.40997717915859655;;;2025-06-28 22:00:00;;2025-06-28 22:00:00;0.0;83486.7578125;293.07696533203125;0.20000000298023224;-0.4837512969970703;0.1529032438993454;500.0;5000.0
BRIANCON_05_AGG_CP;44.89836120605469;6.640040874481201;2025-06-28 23:00:00;0.3616676330566406;True;'' '' '' '' '' '';90.81000010172527;176;99;0.0;361.04978642263;1264;asphalte;True;Mur;True;0.3616676330566406;;0.5741351242084108;;;2025-06-28 23:00:00;;2025-06-28 23:00:00;0.0;83508.328125;292.1197204589844;0.483865886926651;-0.5091797113418579;0.39735254645347595;500.0;5000.0
BRIANCON_05_AGG_CP;44.89836120605469;6.640040874481201;2025-06-29 00:00:00;0.9233347574869697;True;'' '' '' '' '' '';91.3716672261556;176;99;0.0;361.04978642263;1264;asphalte;True;Mur;True;0.9233347574869697;;0.7742634658414183;;;2025-06-29 00:00:00;;2025-06-29 00:00:00;0.0;83493.34375;290.9546813964844;0.6693341732025146;-0.8185536861419678;0.4518439471721649;500.0;5000.0
BRIANCON_05_AGG_CP;44.89836120605469;6.640040874481201;2025-06-29 01:00:00;3.479999542236328;True;'' '' '' '' '' '';93.92833201090495;176;99;0.0;361.04978642263;1264;asphalte;True;Mur;True;3.479999542236328;;0.9554282170108619;;;2025-06-29 01:00:00;;2025-06-29 01:00:00;0.0;83484.9375;289.43634033203125;0.6868820190429688;-1.1772375106811523;0.2989168167114258;500.0;5000.0
BRIANCON_05_AGG_CP;44.89836120605469;6.640040874481201;2025-06-29 02:00:00;2.6249987284342353;True;'' '' '' '' '' '';93.07333119710286;176;99;0.0;361.04978642263;1264;asphalte;True;Mur;True;2.6249987284342353;;1.0939205596048607;;;2025-06-29 02:00:00;;2025-06-29 02:00:00;0.0;83446.1953125;288.78094482421875;0.6825803518295288;-1.246363639831543;0.17847582697868347;500.0;5000.0
BRIANCON_05_AGG_CP;44.89836120605469;6.640040874481201;2025-06-29 03:00:00;2.3449999491373603;True;'' '' '' '' '' '';92.79333241780598;176;99;0.0;361.04978642263;1264;asphalte;True;Mur;True;2.3449999491373603;;1.1836908406573365;;;2025-06-29 03:00:00;;2025-06-29 03:00:00;0.0;83434.6484375;288.48907470703125;0.5550330877304077;-1.1279605627059937;0.02246224507689476;500.0;5000.0
BRIANCON_05_AGG_CP;44.89836120605469;6.640040874481201;2025-06-29 04:00:00;1.0450007120768134;True;'' '' '' '' '' '';91.49333318074544;176;99;0.0;361.04978642263;1264;asphalte;True;Mur;True;1.0450007120768134;;1.2557599491508364;;;2025-06-29 04:00:00;;2025-06-29 04:00:00;0.0;83423.8359375;288.3849182128906;0.5754788517951965;-1.0477066040039062;0.11924572288990021;500.0;5000.0
BRIANCON_05_AGG_CP;44.89836120605469;6.640040874481201;2025-06-29 05:00:00;3.865001678466797;True;'' '' '' '' '' '';94.31333414713542;176;99;0.0;361.04978642263;1264;asphalte;True;Mur;True;3.865001678466797;;1.3022964542690196;;;2025-06-29 05:00:00;;2025-06-29 05:00:00;0.0;83412.6015625;288.22930908203125;0.7870731949806213;-0.8288224339485168;0.10321076959371567;500.0;5000.0
BRIANCON_05_AGG_CP;44.89836120605469;6.640040874481201;2025-06-29 06:00:00;2.1949996948242188;True;'' '' '' '' '' '';92.64333216349284;176;99;0.0;361.04978642263;1264;asphalte;True;Mur;True;2.1949996948242188;;1.336772099264083;;;2025-06-29 06:00:00;;2025-06-29 06:00:00;0.0;83373.109375;289.0721740722656;0.9210701584815979;-0.6571512222290039;0.0887170135974884;500.0;5000.0
BRIANCON_05_AGG_CP;44.89836120605469;6.640040874481201;2025-06-29 07:00:00;3.7933349609375;True;'' '' '' '' '' '';94.24166742960612;176;99;0.0;361.04978642263;1264;asphalte;True;Mur;True;3.7933349609375;;1.2640125274590575;;;2025-06-29 07:00:00;;2025-06-29 07:00:00;0.0;83350.875;291.1022033691406;0.6901853084564209;-0.061064451932907104;-0.33034324645996094;500.0;5000.0
BRIANCON_05_AGG_CP;44.89836120605469;6.640040874481201;2025-06-29 08:00:00;3.781668345133454;True;'' '' '' '' '' '';94.23000081380208;176;99;0.0;361.04978642263;1264;asphalte;True;Mur;True;3.781668345133454;;1.0744182887129083;;;2025-06-29 08:00:00;;2025-06-29 08:00:00;0.0;83309.625;292.859130859375;10.141834259033203;0.4991186559200287;-0.2537446618080139;500.0;5000.0
BRIANCON_05_AGG_CP;44.89836120605469;6.640040874481201;2025-06-29 09:00:00;6.44500223795572;True;'' '' '' '' '' '';96.89333470662434;176;99;0.0;361.04978642263;1264;asphalte;True;Mur;True;6.44500223795572;;0.8932059193840491;;;2025-06-29 09:00:00;;2025-06-29 09:00:00;0.0;83290.53125;294.7813720703125;29.73528289794922;0.9113100171089172;-0.21604932844638824;500.0;5000.0
BRIANCON_05_AGG_CP;44.89836120605469;6.640040874481201;2025-06-29 10:00:00;3.740000406901032;True;'' '' '' '' '' '';94.18833287556966;176;99;0.0;361.04978642263;1264;asphalte;True;Mur;True;3.740000406901032;;0.6655324728821466;;;2025-06-29 10:00:00;;2025-06-29 10:00:00;0.0;83255.0546875;296.3277282714844;46.34755325317383;1.1247998476028442;-0.22357994318008423;500.0;5000.0
BRIANCON_05_AGG_CP;44.89836120605469;6.640040874481201;2025-06-29 11:00:00;3.4016672770182197;True;'' '' '' '' '' '';93.84999974568684;176;99;0.0;361.04978642263;1264;asphalte;True;Mur;True;3.4016672770182197;;0.5257797127365682;;;2025-06-29 11:00:00;;2025-06-29 11:00:00;0.0;83226.9453125;297.6103515625;64.50358581542969;1.3113574981689453;-0.1603982001543045;500.0;5000.0
BRIANCON_05_AGG_CP;44.89836120605469;6.640040874481201;2025-06-29 12:00:00;3.641667683919266;True;'' '' '' '' '' '';94.09000015258789;176;99;0.0;361.04978642263;1264;asphalte;True;Mur;True;3.641667683919266;;0.4446203659153741;;;2025-06-29 12:00:00;;2025-06-29 12:00:00;0.0;83190.953125;298.5475769042969;81.54622650146484;1.6254223585128784;-0.06579212099313736;500.0;5000.0
BRIANCON_05_AGG_CP;44.89836120605469;6.640040874481201;2025-06-29 13:00:00;3.60333251953125;True;'' '' '' '' '' '';94.05166498819987;176;99;0.0;361.04978642263;1264;asphalte;True;Mur;True;3.60333251953125;;0.3964694539468003;;;2025-06-29 13:00:00;;2025-06-29 13:00:00;0.0;83115.8671875;299.51885986328125;91.66238403320312;2.210728883743286;0.43498745560646057;500.0;5000.0
BRIANCON_05_AGG_CP;44.89836120605469;6.640040874481201;2025-06-29 14:00:00;1.6250012715657505;True;'' '' '' '' '' '';92.07333374023438;176;99;0.0;361.04978642263;1264;asphalte;True;Mur;True;1.6250012715657505;;0.36893186259896044;;;2025-06-29 14:00:00;;2025-06-29 14:00:00;0.0;83099.609375;299.5844421386719;96.04499816894531;2.2983405590057373;0.8259050250053406;2250.0;3798.9978
BRIANCON_05_AGG_CP;44.89836120605469;6.640040874481201;2025-06-29 15:00:00;5.303334554036454;True;'' '' '' '' '' '';95.75166702270508;176;99;0.0;361.04978642263;1264;asphalte;True;Mur;True;5.303334554036454;;0.3392023722450718;;;2025-06-29 15:00:00;;2025-06-29 15:00:00;0.0;83141.53125;298.4994812011719;86.63595581054688;0.8455042243003845;0.12095093727111816;1750.0;8800.0
BRIANCON_05_AGG_CP;44.89836120605469;6.640040874481201;2025-06-29 16:00:00;2.7850023905436103;True;'' '' '' '' '' '';93.23333485921223;176;99;0.0;361.04978642263;1264;asphalte;True;Mur;True;2.7850023905436103;;0.34006118233842475;;;2025-06-29 16:00:00;;2025-06-29 16:00:00;0.0;83230.7265625;294.2372131347656;59.983856201171875;-0.3700544536113739;-2.1914923191070557;1500.0;8800.0
BRIANCON_05_AGG_CP;44.89836120605469;6.640040874481201;2025-06-29 17:00:00;3.090001424153641;True;'' '' '' '' '' '';93.53833389282227;176;99;0.0;361.04978642263;1264;asphalte;True;Mur;True;3.090001424153641;;0.45070831832319525;;;2025-06-29 17:00:00;;2025-06-29 17:00:00;0.0;83257.4296875;293.26190185546875;14.024419784545898;-0.7538414597511292;-0.9945081472396851;1750.0;2000.0
BRIANCON_05_AGG_CP;44.89836120605469;6.640040874481201;2025-06-29 18:00:00;3.258333841959626;True;'' '' '' '' '' '';93.70666631062825;176;99;0.0;361.04978642263;1264;asphalte;True;Mur;True;3.258333841959626;;0.43403752271985174;;;2025-06-29 18:00:00;;2025-06-29 18:00:00;0.0;83247.0390625;292.81597900390625;12.223962783813477;-0.4598914682865143;-0.46137094497680664;500.0;5000.0
BRIANCON_05_AGG_CP;44.89836120605469;6.640040874481201;2025-06-29 19:00:00;1.7783330281575473;True;'' '' '' '' '' '';92.22666549682617;176;99;0.0;361.04978642263;1264;asphalte;True;Mur;True;1.7783330281575473;;0.4217896539850108;;;2025-06-29 19:00:00;;2025-06-29 19:00:00;0.0;83212.859375;292.35772705078125;5.800969123840332;-0.498581200838089;-0.3006267547607422;1681.7662;1750.0
BRIANCON_05_AGG_CP;44.89836120605469;6.640040874481201;2025-06-29 20:00:00;2.623332977294922;True;'' '' '' '' '' '';93.07166544596355;176;99;0.0;361.04978642263;1264;asphalte;True;Mur;True;2.623332977294922;;0.4302245571515678;;;2025-06-29 20:00:00;;2025-06-29 20:00:00;0.0;83233.5078125;292.1678466796875;0.8032310009002686;0.39332687854766846;-0.049970149993896484;1682.5592;1750.0
BRIANCON_05_AGG_CP;44.89836120605469;6.640040874481201;2025-06-29 21:00:00;1.568333943684891;True;'' '' '' '' '' '';92.01666641235352;176;99;0.0;361.04978642263;1264;asphalte;True;Mur;True;1.568333943684891;;0.4728834999360304;;;2025-06-29 21:00:00;;2025-06-29 21:00:00;0.0;83244.1953125;291.62017822265625;0.2778148651123047;0.5429785251617432;0.5614566802978516;500.0;5000.0
BRIANCON_05_AGG_CP;44.89836120605469;6.640040874481201;2025-06-29 22:00:00;1.8416671752929688;True;'' '' '' '' '' '';92.2899996439616;176;99;0.0;361.04978642263;1264;asphalte;True;Mur;True;1.8416671752929688;;0.5733840160483672;;;2025-06-29 22:00:00;;2025-06-29 22:00:00;0.0;83258.4140625;291.0726013183594;0.20000000298023224;0.525439441204071;0.7487001419067383;500.0;5000.0
BRIANCON_05_AGG_CP;44.89836120605469;6.640040874481201;2025-06-29 23:00:00;1.038332621256501;True;'' '' '' '' '' '';91.84833272298177;176;99;0.0;361.04978642263;1264;asphalte;True;Mur;True;1.038332621256501;;0.694918244042303;;;2025-06-29 23:00:00;;2025-06-29 23:00:00;0.0;83263.1171875;290.5475158691406;0.32991886138916016;0.43884384632110596;0.5607103109359741;500.0;5000.0
BRIANCON_05_AGG_CP;44.89836120605469;6.640040874481201;2025-06-30 00:00:00;1.703333536783859;True;'' '' '' '' '' '';93.07500076293945;176;99;0.0;361.04978642263;1264;asphalte;True;Mur;True;1.703333536783859;;0.8093498039731667;;;2025-06-30 00:00:00;;2025-06-30 00:00:00;0.0;83248.1484375;290.0322265625;0.5977768898010254;0.07913680374622345;0.6192976832389832;500.0;5000.0
BRIANCON_05_AGG_CP;44.89836120605469;6.640040874481201;2025-06-30 01:00:00;1.3283348083496094;True;'' '' '' '' '' '';92.82166798909505;176;99;0.0;361.04978642263;1264;asphalte;True;Mur;True;1.3283348083496094;;0.9026521717581115;;;2025-06-30 01:00:00;;2025-06-30 01:00:00;0.0;83212.84375;289.87969970703125;0.8716511130332947;-0.40905317664146423;0.2970637083053589;375.0;750.0
BRIANCON_05_AGG_CP;44.89836120605469;6.640040874481201;2025-06-30 02:00:00;0.8833325703938897;True;'' '' '' '' '' '';92.37666575113933;176;99;0.0;361.04978642263;1264;asphalte;True;Mur;True;0.8833325703938897;;0.9652307273767813;;;2025-06-30 02:00:00;;2025-06-30 02:00:00;0.0;83187.0546875;289.4722595214844;0.8221297860145569;-0.43398234248161316;0.31739944219589233;375.0;625.0
BRIANCON_05_AGG_CP;44.89836120605469;6.640040874481201;2025-06-30 03:00:00;1.4216664632161553;True;'' '' '' '' '' '';92.9149996439616;176;99;0.0;361.04978642263;1264;asphalte;True;Mur;True;1.4216664632161553;;0.9992946899649302;;;2025-06-30 03:00:00;;2025-06-30 03:00:00;0.0;83157.6640625;289.20635986328125;0.7183641195297241;-0.3906199634075165;0.27993232011795044;500.0;625.0
BRIANCON_05_AGG_CP;44.89836120605469;6.640040874481201;2025-06-30 04:00:00;1.658334096272796;True;'' '' '' '' '' '';93.15166727701823;176;99;0.0;361.04978642263;1264;asphalte;True;Mur;True;1.658334096272796;;1.025115929642606;;;2025-06-30 04:00:00;;2025-06-30 04:00:00;0.0;83147.5;288.8246765136719;0.6191809773445129;-0.3055785894393921;0.20655569434165955;500.0;625.0
BRIANCON_05_AGG_CP;44.89836120605469;6.640040874481201;2025-06-30 05:00:00;3.475001017252609;True;'' '' '' '' '' '';95.32333374023438;176;99;0.0;361.04978642263;1264;asphalte;True;Mur;True;3.475001017252609;;1.0410846989182543;;;2025-06-30 05:00:00;;2025-06-30 05:00:00;0.0;83132.6875;288.5484619140625;0.6092154383659363;-0.7274425625801086;0.34620094299316406;500.0;625.0
BRIANCON_05_AGG_CP;44.89836120605469;6.640040874481201;2025-06-30 06:00:00;3.7783355712890625;True;'' '' '' '' '' '';95.62666829427083;176;99;0.0;361.04978642263;1264;asphalte;True;Mur;True;3.7783355712890625;;0.9756807666481959;;;2025-06-30 06:00:00;;2025-06-30 06:00:00;0.0;83102.28125;289.7168884277344;0.7001426219940186;-0.9511033296585083;0.10780005156993866;500.0;625.0
BRIANCON_05_AGG_CP;44.89836120605469;6.640040874481201;2025-06-30 07:00:00;2.2066663106282647;True;'' '' '' '' '' '';94.05499903361003;176;99;0.0;361.04978642263;1264;asphalte;True;Mur;True;2.2066663106282647;;0.7917941692928143;;;2025-06-30 07:00:00;;2025-06-30 07:00:00;0.0;83069.7734375;290.9637756347656;2.973651647567749;-0.07105205208063126;-0.1485573798418045;500.0;5000.0
BRIANCON_05_AGG_CP;44.89836120605469;6.640040874481201;2025-06-30 08:00:00;1.9716682434082031;True;'' '' '' '' '' '';93.82000096638997;176;99;0.0;361.04978642263;1264;asphalte;True;Mur;True;1.9716682434082031;;0.7159276589532165;;;2025-06-30 08:00:00;;2025-06-30 08:00:00;0.0;83024.703125;292.3008117675781;14.087274551391602;0.2471051663160324;-0.16432078182697296;500.0;5000.0
BRIANCON_05_AGG_CP;44.89836120605469;6.640040874481201;2025-06-30 09:00:00;0.8850008646647183;True;'' '' '' '' '' '';92.73333358764648;176;99;0.0;361.04978642263;1264;asphalte;True;Mur;True;0.8850008646647183;;0.6624968640085022;;;2025-06-30 09:00:00;;2025-06-30 09:00:00;0.0;82995.53125;293.86773681640625;28.57210922241211;0.47797128558158875;-0.427687406539917;500.0;5000.0
BRIANCON_05_AGG_CP;44.89836120605469;6.640040874481201;2025-06-30 10:00:00;1.996668497721359;True;'' '' '' '' '' '';93.84500122070312;176;99;0.0;361.04978642263;1264;asphalte;True;Mur;True;1.996668497721359;;0.564667453420431;;;2025-06-30 10:00:00;;2025-06-30 10:00:00;0.0;82964.296875;295.1604919433594;42.71944808959961;0.8259485363960266;-0.5835739970207214;500.0;5000.0
BRIANCON_05_AGG_CP;44.89836120605469;6.640040874481201;2025-06-30 11:00:00;1.1766675313313897;True;'' '' '' '' '' '';93.02500025431316;176;99;0.0;361.04978642263;1264;asphalte;True;Mur;True;1.1766675313313897;;0.45744819065531017;;;2025-06-30 11:00:00;;2025-06-30 11:00:00;0.0;82945.6328125;296.29815673828125;85.20433044433594;1.1797009706497192;0.03313972428441048;1750.0;3002.524
BRIANCON_05_AGG_CP;44.89836120605469;6.640040874481201;2025-06-30 12:00:00;0.8283335367838589;True;'' '' '' '' '' '';92.67666625976562;176;99;0.0;361.04978642263;1264;asphalte;True;Mur;True;0.8283335367838589;;0.3671024665892822;;;2025-06-30 12:00:00;;2025-06-30 12:00:00;0.0;82963.0625;295.3720397949219;24.593738555908203;1.0913174152374268;-1.0316107273101807;1500.0;2250.0
BRIANCON_05_AGG_CP;44.89836120605469;6.640040874481201;2025-06-30 13:00:00;1.1433347066243584;True;'' '' '' '' '' '';92.99166742960612;176;99;0.0;361.04978642263;1264;asphalte;True;Mur;True;1.1433347066243584;;0.3403491355934152;;;2025-06-30 13:00:00;;2025-06-30 13:00:00;0.0;82961.2421875;294.3623962402344;19.57708740234375;0.07061287760734558;-0.43086522817611694;1500.0;8800.0
BRIANCON_05_AGG_CP;44.89836120605469;6.640040874481201;2025-06-30 14:00:00;2.683333079020187;True;'' '' '' '' '' '';94.53166580200195;176;99;0.0;361.04978642263;1264;asphalte;True;Mur;True;2.683333079020187;;0.3379829131410633;;;2025-06-30 14:00:00;;2025-06-30 14:00:00;0.0;82959.875;293.7353515625;5.890277862548828;0.595827579498291;-0.30322423577308655;1500.0;8800.0
BRIANCON_05_AGG_CP;44.89836120605469;6.640040874481201;2025-06-30 15:00:00;1.7983334859212334;True;'' '' '' '' '' '';93.646666208903;176;99;0.0;361.04978642263;1264;asphalte;True;Mur;True;1.7983334859212334;;0.3370078630222928;;;2025-06-30 15:00:00;;2025-06-30 15:00:00;0.0;82992.2265625;291.7394714355469;3.3480334281921387;0.6012746691703796;-0.888741135597229;1750.0;8800.0
BRIANCON_05_AGG_CP;44.89836120605469;6.640040874481201;2025-06-30 16:00:00;5.013333638509124;True;'' '' '' '' '' '';96.86166636149089;176;99;0.0;361.04978642263;1264;asphalte;True;Mur;True;5.013333638509124;;0.33570534047934475;;;2025-06-30 16:00:00;;2025-06-30 16:00:00;0.0;83025.703125;291.149658203125;3.635143280029297;-0.11806491762399673;-0.7511482834815979;2250.0;8800.0
BRIANCON_05_AGG_CP;44.89836120605469;6.640040874481201;2025-06-30 17:00:00;2.1166674296061245;True;'' '' '' '' '' '';93.96500015258789;176;99;0.0;361.04978642263;1264;asphalte;True;Mur;True;2.1166674296061245;;0.3326903693940536;;;2025-06-30 17:00:00;;2025-06-30 17:00:00;0.0;83032.8046875;290.7434387207031;2.7951555252075195;0.5306577682495117;-0.6945160627365112;2250.0;8800.0
BRIANCON_05_AGG_CP;44.89836120605469;6.640040874481201;2025-06-30 18:00:00;8.581668853759766;True;'' '' '' '' '' '';100.43000157674153;176;99;0.0;361.04978642263;1264;asphalte;True;Mur;True;8.581668853759766;;0.3374160814032662;;;2025-06-30 18:00:00;;2025-06-30 18:00:00;0.0;83038.765625;290.7497863769531;0.5529089570045471;0.4259255826473236;-0.05165139213204384;500.0;5000.0
BRIANCON_05_AGG_CP;44.89836120605469;6.640040874481201;2025-06-30 19:00:00;4.28000132242839;True;'' '' '' '' '' '';96.12833404541016;176;99;0.0;361.04978642263;1264;asphalte;True;Mur;True;4.28000132242839;;0.3573645285942506;;;2025-06-30 19:00:00;;2025-06-30 19:00:00;0.0;83020.578125;290.5937805175781;0.5912407636642456;0.8072653412818909;0.6593716740608215;500.0;5000.0
BRIANCON_05_AGG_CP;44.89836120605469;6.640040874481201;2025-06-30 20:00:00;0.6633338928222656;True;'' '' '' '' '' '';92.51166661580403;176;99;0.0;361.04978642263;1264;asphalte;True;Mur;True;0.6633338928222656;;0.3949683597759615;;;2025-06-30 20:00:00;;2025-06-30 20:00:00;0.0;83051.53125;290.1974792480469;0.5058332681655884;0.7929590344429016;0.630595862865448;500.0;5000.0
BRIANCON_05_AGG_CP;44.89836120605469;6.640040874481201;2025-06-30 21:00:00;0.625;True;'' '' '' '' '' '';92.47333272298177;176;99;0.0;361.04978642263;1264;asphalte;True;Mur;True;0.625;;0.4668277483327321;;;2025-06-30 21:00:00;;2025-06-30 21:00:00;0.0;83065.5546875;290.0012512207031;0.8114455342292786;0.34016627073287964;0.3686894476413727;500.0;5000.0
BRIANCON_05_AGG_CP;44.89836120605469;6.640040874481201;2025-06-30 22:00:00;1.7500025431315152;True;'' '' '' '' '' '';93.59833526611328;176;99;0.0;361.04978642263;1264;asphalte;True;Mur;True;1.7500025431315152;;0.5450277436400836;;;2025-06-30 22:00:00;;2025-06-30 22:00:00;0.0;83057.21875;289.3564147949219;1.022750735282898;0.03168255463242531;-0.11873748153448105;500.0;5000.0
BRIANCON_05_AGG_CP;44.89836120605469;6.640040874481201;2025-06-30 23:00:00;2.4900004069010464;True;'' '' '' '' '' '';94.33833312988281;176;99;0.0;361.04978642263;1264;asphalte;True;Mur;True;2.4900004069010464;;0.6053850292158519;;;2025-06-30 23:00:00;;2025-06-30 23:00:00;0.0;83054.3828125;288.9295654296875;0.9636800289154053;-0.24334554374217987;0.06972070038318634;500.0;5000.0
BRIANCON_05_AGG_CP;44.89836120605469;6.640040874481201;2025-07-01 00:00:00;3.5100021362304688;True;'' '' '' '' '' '';95.8866678873698;176;99;0.0;361.04978642263;1264;asphalte;True;Mur;True;3.5100021362304688;;0.6504945995917943;;;2025-07-01 00:00:00;;2025-07-01 00:00:00;;83037.796875;288.4886169433594;1.162483811378479;-0.9267640709877014;-0.10305404663085938;500.0;5000.0
